9.900,30,297,65
B0,mixamorig6_Hips,-1,0.9998080134391785,-0.01943071559071541,0.0023517762310802937,0,0.019486291334033012,0.9994580149650574,-0.026519116014242172,0,-0.0018352183979004622,0.02655988559126854,0.999646008014679,0,0.15650300681591034,62.77745056152344,1.3312029838562012,1
B1,mixamorig6_Spine,0,0.9999970197677612,0.0010910573182627559,0.0022811396047472954,0,-0.001161938882432878,0.9995089769363403,0.031306225806474686,0,-0.0022458622697740793,-0.031308773905038834,0.9995070099830627,0,0,6.292273998260498,0.09064500033855438,1
B2,mixamorig6_Spine1,1,0.9990610480308533,0.0024040862917900085,0.043248746544122696,0,-0.00317190564237535,0.9998379945755005,0.01769370771944523,0,-0.04319925233721733,-0.01781429536640644,0.9989079833030701,0,0,7.341742992401123,0,1
B3,mixamorig6_Spine2,2,0.9990619421005249,0.0031619693618267775,0.043187789618968964,0,-0.003924034535884857,0.9998379945755005,0.017572009935975075,0,-0.0431252047419548,-0.017724987119436264,0.99891197681427,0,0,8.390572547912598,0,1
B4,mixamorig6_Neck,3,0.9995720386505127,-0.025821156799793243,-0.013775871135294437,0,0.024908840656280518,0.9977200031280518,-0.0627259910106659,0,0.015364118851721287,0.062355995178222656,0.9979360699653625,0,0,9.439387321472168,0,1
B5,mixamorig6_Head,4,0.9995710253715515,-0.026047328487038612,-0.013389033265411854,0,0.025367671623826027,0.998494029045105,-0.0486452691257,0,0.014635941945016384,0.048284728080034256,0.9987260103225708,0,0,9.228294372558594,3.0156829357147217,1
B6,mixamorig6_HeadTop_End,5,1,0,0,0,0,1,0,0,0,0,1,0,0,52.542198181152344,17.170085906982422,1
B7,mixamorig6_LeftShoulder,3,-0.1170429214835167,-0.00614008167758584,-0.9931080341339111,0,0.9209979772567749,-0.37480321526527405,-0.10622704029083252,0,-0.371567964553833,-0.9270840287208557,0.049523014575242996,0,2.956796884536743,8.269940376281738,0.0339989997446537,1
B8,mixamorig6_LeftArm,7,0.9028609991073608,0.38627901673316956,-0.1887587606906891,0,-0.10804178565740585,0.6288059949874878,0.770018994808197,0,0.41613510251045227,-0.6748268008232117,0.6094591021537781,0,0,6.435365200042725,0,1
B9,mixamorig6_LeftForeArm,8,0.8721910715103149,0.4891658127307892,-0.000050115111662307754,0,-0.4891221821308136,0.8721119165420532,-0.013436886481940746,0,-0.0065291584469377995,0.011744042858481407,0.9999099373817444,0,0,23.597976684570312,0,1
B10,mixamorig6_LeftHand,9,0.9173630475997925,-0.11918079853057861,-0.37978988885879517,0,-0.2793552577495575,-0.8724510073661804,-0.40098699927330017,0,-0.28355807065963745,0.4739469587802887,-0.833648145198822,0,0,21.44420051574707,-0.000003000000106112566,1
B11,mixamorig6_LeftHandThumb1,10,0.8478119373321533,-0.17263789474964142,-0.501409113407135,0,0.24865391850471497,0.9645560383796692,0.08833672851324081,0,0.46838676929473877,-0.1995702087879181,0.8606889843940735,0,-1.7762900590896606,-2.7255499362945557,0.04597099870443344,1
B12,LeftHandThumb2,11,-0.9754000306129456,-0.21778103709220886,-0.03413878381252289,0,-0.21554100513458252,0.9746840000152588,-0.059434160590171814,0,0.046218182891607285,-0.05061379447579384,-0.9976480603218079,0,-0.5531859993934631,-3.7613980770111084,0.13443799316883087,1
B13,LeftHandThumb3,12,0.9999549984931946,0.009378062561154366,-0.0010749358916655183,0,-0.009299933910369873,0.9982729554176331,0.05800527706742287,0,0.0016170578310266137,-0.05799271911382675,0.9983160495758057,0,0.3588719964027405,-4.430180072784424,-0.02494099922478199,1
B14,LeftHandThumb4,13,1,0,0,0,0,1,0,0,0,0,1,0,0.09756200015544891,-3.1828460693359375,-0.00009000000136438757,1
B15,mixamorig6_LeftHandIndex1,10,0.9917770028114319,-0.04488719627261162,-0.11984478682279587,0,0.07002682983875275,0.9741811156272888,0.2146337926387787,0,0.10711623728275299,-0.22126124799251556,0.96931391954422,0,-2.023442029953003,-9.501687049865723,2.2262959480285645,1
B16,mixamorig6_LeftHandIndex2,15,0.9998829960823059,-0.012468189932405949,-0.008887181058526039,0,0.015276744030416012,0.8513797521591187,0.5243273377418518,0,0.00102895253803581,-0.5244015455245972,0.8514702320098877,0,0.08884000033140182,-4.022747039794922,0.279464989900589,1
B17,mixamorig6_LeftHandIndex3,16,0.999891996383667,-0.0146730812266469,-0.0008112175855785608,0,0.014242855831980705,0.9540218710899353,0.2993983328342438,0,-0.0036191779654473066,-0.2993776202201843,0.954128086566925,0,-0.008058999665081501,-3.114274024963379,-0.00006299999949987978,1
B18,mixamorig6_LeftHandIndex4,17,1,0,0,0,0,1,0,0,0,0,1,0,-0.018509000539779663,-2.7514209747314453,0.00006500000017695129,1
B19,mixamorig6_LeftHandMiddle1,10,0.9899269342422485,-0.024252021685242653,-0.13948917388916016,0,0.057253897190093994,0.9696410298347473,0.23773473501205444,0,0.12948882579803467,-0.24332623183727264,0.9612619280815125,0,0.4656260013580322,-9.60627555847168,2.0310709476470947,1
B20,mixamorig6_LeftHandMiddle2,19,0.9999359846115112,-0.010609318502247334,-0.00399697944521904,0,0.01133670937269926,0.9322390556335449,0.3616638481616974,0,-0.00011086690938100219,-0.361686110496521,0.9322999119758606,0,0.033900000154972076,-4.7399067878723145,-0.08366099745035172,1
B21,mixamorig6_LeftHandMiddle3,20,0.999987006187439,-0.005007137544453144,-0.00037885826895944774,0,0.004862915258854628,0.9468469619750977,0.32164913415908813,0,-0.0012518205912783742,-0.3216467797756195,0.9468590021133423,0,0.003200999926775694,-3.900480031967163,-0.26239800453186035,1
B22,mixamorig6_LeftHandMiddle4,21,1,0,0,0,0,1,0,0,0,0,1,0,-0.014260999858379364,-2.7825400829315186,-0.00006299999949987978,1
B23,mixamorig6_LeftHandRing1,10,0.9934340119361877,-0.03512424975633621,-0.10888106375932693,0,0.06720174849033356,0.9493690729141235,0.30689099431037903,0,0.09258900582790375,-0.31219297647476196,0.9454960227012634,0,2.682904005050659,-8.852374076843262,1.4581489562988281,1
B24,mixamorig6_LeftHandRing2,23,0.9995569586753845,-0.02976292558014393,-0.00010384072083979845,0,0.027904123067855835,0.9359059929847717,0.3511439561843872,0,-0.01035387720912695,-0.35099101066589355,0.9363210201263428,0,-0.09626899659633636,-4.319646835327148,-0.21211999654769897,1
B25,mixamorig6_LeftHandRing3,24,0.999455988407135,-0.032970134168863297,-0.0012709475122392178,0,0.032638873904943466,0.9823049902915955,0.18442098796367645,0,-0.004831923637539148,-0.1843620091676712,0.9828460216522217,0,-0.052345000207424164,-3.2270309925079346,0.023923000320792198,1
B26,mixamorig6_LeftHandRing4,25,1,0,0,0,0,1,0,0,0,0,1,0,0.004718000069260597,-2.382749080657959,0.00008600000001024455,1
B27,mixamorig6_LeftHandPinky1,10,0.9978129863739014,0.0021401348058134317,-0.06605822592973709,0,0.035710979253053665,0.8235641121864319,0.5660978555679321,0,0.055614735931158066,-0.5672191381454468,0.8216869831085205,0,4.635983943939209,-8.446423530578613,-0.09365600347518921,1
B28,mixamorig6_LeftHandPinky2,27,0.9947540760040283,-0.10229584574699402,-0.000932946044486016,0,0.09564615786075592,0.9267778992652893,0.36322715878486633,0,-0.03629198670387268,-0.36141082644462585,0.9317000508308411,0,-0.05171100050210953,-3.2834370136260986,-0.032868001610040665,1
B29,mixamorig6_LeftHandPinky3,28,0.9994210004806519,-0.03281029313802719,0.009036141447722912,0,0.0312977209687233,0.9904090166091919,0.13457182049751282,0,-0.013364823535084724,-0.13421116769313812,0.9908629655838013,0,-0.0490569993853569,-2.585536003112793,-0.0023129999171942472,1
B30,mixamorig6_LeftHandPinky4,29,1,0,0,0,0,1,0,0,0,0,1,0,0.00018899999849963933,-1.9524810314178467,0.00003899999865097925,1
B31,mixamorig6_RightShoulder,3,0.04117947071790695,-0.01731773279607296,0.9990020990371704,0,-0.9520280361175537,-0.30412113666534424,0.03397126495838165,0,0.30322903394699097,-0.9524760842323303,-0.029010549187660217,0,-2.956796884536743,8.26944637298584,-0.000299000006634742,1
B32,mixamorig6_RightArm,31,0.8918128609657288,-0.436675101518631,0.11825621128082275,0,0.1714020073413849,0.5680409073829651,0.8049541711807251,0,-0.41867777705192566,-0.6975990533828735,0.5814331769943237,0,0,6.435365200042725,0,1
B33,mixamorig6_RightForeArm,32,0.8902819752693176,-0.4554069936275482,-0.0013798358850181103,0,0.4553719460964203,0.8902440071105957,-0.010093361139297485,0,0.005824980325996876,0.00835760124027729,0.9999480247497559,0,0,23.596397399902344,0,1
B34,mixamorig6_RightHand,33,0.9530230164527893,0.19480682909488678,0.23194102942943573,0,-0.2500191628932953,0.9382010102272034,0.2393111139535904,0,-0.17098794877529144,-0.28605884313583374,0.9428330659866333,0,0,21.44659996032715,0,1
B35,mixamorig6_RightHandThumb1,34,0.9637780785560608,0.07570892572402954,-0.2557337284088135,0,-0.020614037290215492,0.9771410226821899,0.2115909308195114,0,0.26590725779533386,-0.19865502417087555,0.9433078765869141,0,1.7762470245361328,2.72599196434021,-0.04600900039076805,1
B36,RightHandThumb2,35,-0.9955790042877197,0.03607884794473648,-0.08671820908784866,0,0.03579014539718628,0.9993469715118408,0.004882130306214094,0,0.08683779090642929,0.0017568906769156456,-0.9962210059165955,0,0.5536620020866394,3.7610220909118652,-0.13410699367523193,1
B37,RightHandThumb3,36,0.9968629479408264,0.07906536757946014,0.0034547571558505297,0,-0.07912366092205048,0.9947879910469055,0.06430717557668686,0,0.0016477206954732537,-0.06437884271144867,0.9979239702224731,0,-0.3588480055332184,4.430126190185547,0.024954000487923622,1
B38,RightHandThumb4,37,1,0,0,0,0,1,0,0,0,0,1,0,-0.09757299721240997,3.1828949451446533,0,1
B39,mixamorig6_RightHandIndex1,34,0.9920899271965027,0.05615760385990143,-0.11226913332939148,0,-0.048565447330474854,0.9964160323143005,0.06925362348556519,0,0.11575591564178467,-0.06325343996286392,0.9912619590759277,0,2.023400068283081,9.502099990844727,-2.226300001144409,1
B40,mixamorig6_RightHandIndex2,39,0.9998379945755005,-0.014650619588792324,-0.010424043983221054,0,0.01797928474843502,0.8216000199317932,0.5697810053825378,0,0.00021674958406947553,-0.569875955581665,0.8217300772666931,0,-0.08875899761915207,4.02186393737793,-0.2794080078601837,1
B41,mixamorig6_RightHandIndex3,40,0.9999899864196777,-0.004427132196724415,0.00035189531627111137,0,0.004333853255957365,0.9900820851325989,0.14042498171329498,0,-0.0009700849186629057,-0.1404220014810562,0.9900910258293152,0,0.008028999902307987,3.11456298828125,0,1
B42,mixamorig6_RightHandIndex4,41,1,0,0,0,0,1,0,0,0,0,1,0,0.01846799999475479,2.7519121170043945,0,1
B43,mixamorig6_RightHandMiddle1,34,0.9893749952316284,0.08318780362606049,-0.11923222988843918,0,-0.06471823900938034,0.9863860011100769,0.15117283165454865,0,0.1301848143339157,-0.14185018837451935,0.9812899827957153,0,-0.4655829966068268,9.60579776763916,-2.031064987182617,1
B44,mixamorig6_RightHandMiddle2,43,0.9998930096626282,-0.01346985436975956,-0.005719564389437437,0,0.014606324024498463,0.8946501016616821,0.44652968645095825,0,-0.0008976807002909482,-0.44656533002853394,0.8947508931159973,0,-0.03390999883413315,4.740744113922119,0.08370299637317657,1
B45,mixamorig6_RightHandMiddle3,44,0.9996160864830017,0.006530090235173702,-0.0269317589700222,0,-0.0021158759482204914,0.9869880080223083,0.16077883541584015,0,0.02763122320175171,-0.16066013276576996,0.9866229295730591,0,-0.0031950001139193773,3.899775981903076,0.26236701011657715,1
B46,mixamorig6_RightHandMiddle4,45,1,0,0,0,0,1,0,0,0,0,1,0,0.014262000098824501,2.782953977584839,0,1
B47,mixamorig6_RightHandRing1,34,0.9957069158554077,0.03863801807165146,-0.08410610258579254,0,-0.015379994176328182,0.9651349186897278,0.26130011677742004,0,0.09126988053321838,-0.25888487696647644,0.961586058139801,0,-2.6829330921173096,8.852693557739258,-1.4581719636917114,1
B48,mixamorig6_RightHandRing2,47,0.9993590116500854,-0.035772111266851425,-0.0012078791623935103,0,0.032850947231054306,0.903308093547821,0.42773380875587463,0,-0.014209847897291183,-0.4274991452693939,0.9039039015769958,0,0.09626899659633636,4.319604873657227,0.21210600435733795,1
B49,mixamorig6_RightHandRing3,48,0.9991679787635803,-0.024873895570635796,-0.03232422098517418,0,0.02915506809949875,0.9897850155830383,0.13955481350421906,0,0.028522763401269913,-0.14038115739822388,0.9896869659423828,0,0.052299000322818756,3.2264280319213867,-0.02393300086259842,1
B50,mixamorig6_RightHandRing4,49,1,0,0,0,0,1,0,0,0,0,1,0,-0.004683000035583973,2.3832759857177734,0,1
B51,mixamorig6_RightHandPinky1,34,0.9976360201835632,0.04127805680036545,-0.05494524911046028,0,-0.013044063933193684,0.898719072341919,0.43832993507385254,0,0.06747374683618546,-0.4365770220756531,0.897132933139801,0,-4.635939121246338,8.445931434631348,0.09366100281476974,1
B52,mixamorig6_RightHandPinky2,51,0.9996899962425232,-0.024888010695576668,0.0004032506258226931,0,0.023570066317915916,0.9517109394073486,0.30609026551246643,0,-0.008001752197742462,-0.3059857189655304,0.9520020484924316,0,0.05180399864912033,3.28423810005188,0.03293899819254875,1
B53,mixamorig6_RightHandPinky3,52,0.9994210004806519,-0.03280170261859894,0.009021211415529251,0,0.03126731142401695,0.9901679158210754,0.13634401559829712,0,-0.013404827564954758,-0.13598297536373138,0.9906200170516968,0,0.04901200160384178,2.5851569175720215,0.00228599994443357,1
B54,mixamorig6_RightHandPinky4,53,1,0,0,0,0,1,0,0,0,0,1,0,-0.00019999999494757503,1.9524120092391968,0,1
B55,mixamorig6_LeftUpLeg,0,-0.9955450892448425,-0.04656210541725159,0.08199295401573181,0,0.060928888618946075,-0.981312096118927,0.1825217455625534,0,0.07196204364299774,0.18670427799224854,0.979776918888092,0,7.293951034545898,-3.492218017578125,-1.3486590385437012,1
B56,mixamorig6_LeftLeg,55,0.9877849221229553,0.06021299213171005,0.1437191218137741,0,0.016187917441129684,0.8776789903640747,-0.47897493839263916,0,-0.1549798846244812,0.4754510521888733,0.8659839630126953,0,-0.04836999997496605,22.808971405029297,0.04577400162816048,1
B57,mixamorig6_LeftFoot,56,0.9952229857444763,-0.05150064826011658,0.08293679356575012,0,-0.05561002716422081,0.39918026328086853,0.9151839017868042,0,-0.08023937791585922,-0.9154250621795654,0.39440980553627014,0,0.022722000256180763,24.54587173461914,0.042061999440193176,1
B58,mixamorig6_LeftToeBase,57,0.9979709982872009,0.00042919200495816767,-0.0636652335524559,0,0.041437990963459015,0.7548030614852905,0.6546409726142883,0,0.04833569750189781,-0.6559510231018066,0.7532539963722229,0,0,19.754804611206055,0,1
B59,mixamorig6_LeftToe_End,58,1,0,0,0,0,1,0,0,0,0,1,0,0,7.431748867034912,0,1
B60,mixamorig6_RightUpLeg,0,-0.9642189741134644,0.09423676133155823,-0.24779389798641205,0,-0.13212229311466217,-0.9811569452285767,0.14097918570041656,0,-0.22983907163143158,0.16867373883724213,0.9585000276565552,0,-7.293951034545898,-3.492218017578125,-0.8851040005683899,1
B61,mixamorig6_RightLeg,60,0.9978839755058289,-0.020344149321317673,-0.06175084784626961,0,-0.005015160422772169,0.92286616563797,-0.3850874602794647,0,0.06482207775115967,0.3845824897289276,0.9208118319511414,0,0.04834900051355362,22.789798736572266,0.10037799924612045,1
B62,mixamorig6_RightFoot,61,0.9877959489822388,0.10926709324121475,-0.11099834740161896,0,0.04181976243853569,0.5004169344902039,0.8647741079330444,0,0.1500367522239685,-0.8588619828224182,0.4897401034832001,0,-0.022644000127911568,24.540077209472656,-0.04230799898505211,1
B63,mixamorig6_RightToeBase,62,0.9978479743003845,-2.477522116350883e-7,0.06557376682758331,0,-0.04324033111333847,0.7517770528793335,0.65799880027771,0,-0.04929700121283531,-0.6594180464744568,0.7501590251922607,0,0,19.459609985351562,0,1
B64,mixamorig6_RightToe_End,63,1,0,0,0,0,1,0,0,0,0,1,0,0,7.390963077545166,0,1
@52,0,1,2,3,4,5,7,8,9,10,11,12,13,15,16,17,19,20,21,23,24,25,27,28,29,31,32,33,34,35,36,37,39,40,41,43,44,45,47,48,49,51,52,53,55,56,57,58,60,61,62,63
K0,0.9998080134391785,-0.01943071372807026,0.002351778792217374,0,0.019486289471387863,0.9994580149650574,-0.026519116014242172,0,-0.0018352213082835078,0.02655988559126854,0.999646008014679,0,0.15650300681591034,62.77745056152344,1.3312029838562012,1,0.9999970197677612,0.001091059180907905,0.0022811386734247208,0,-0.0011619407450780272,0.9995089769363403,0.031306225806474686,0,-0.002245861105620861,-0.031308773905038834,0.9995070099830627,0,0,6.292273998260498,0.09064500033855438,1,0.9990610480308533,0.0024040902499109507,0.043248746544122696,0,-0.003171909600496292,0.9998379945755005,0.01769370585680008,0,-0.04319925233721733,-0.01781429350376129,0.9989079833030701,0,0,7.341742992401123,0,1,0.9990619421005249,0.0031619672663509846,0.043187785893678665,0,-0.003924032207578421,0.9998379945755005,0.017572009935975075,0,-0.043125201016664505,-0.017724987119436264,0.99891197681427,0,0,8.390572547912598,0,1,0.9995720386505127,-0.025821160525083542,-0.013775876723229885,0,0.024908844381570816,0.9977200031280518,-0.06272599846124649,0,0.015364124439656734,0.06235600262880325,0.9979360699653625,0,0,9.439387321472168,0,1,0.9995710253715515,-0.02604733034968376,-0.013389045372605324,0,0.025367671623826027,0.998494029045105,-0.048645276576280594,0,0.014635954052209854,0.04828473553061485,0.9987260103225708,0,0,9.228294372558594,3.0156829357147217,1,-0.11704287678003311,-0.006140114273875952,-0.9931080341339111,0,0.9209979176521301,-0.37480321526527405,-0.10622700303792953,0,-0.3715679943561554,-0.9270840287208557,0.049523063004016876,0,2.956796884536743,8.269940376281738,0.0339989997446537,1,0.9028609395027161,0.3862791359424591,-0.1887587606906891,0,-0.10804181545972824,0.6288058757781982,0.7700191140174866,0,0.4161352217197418,-0.6748268008232117,0.6094589829444885,0,0,6.435365200042725,0,1,0.8721910715103149,0.4891658127307892,-0.0000501463764521759,0,-0.4891221821308136,0.8721119165420532,-0.013436916284263134,0,-0.006529145874083042,0.011744084767997265,0.9999099373817444,0,0,23.597976684570312,0,1,0.9173630475997925,-0.11918073892593384,-0.37978988885879517,0,-0.2793551981449127,-0.8724507689476013,-0.4009869694709778,0,-0.28355810046195984,0.4739469289779663,-0.8336479067802429,0,0,21.44420051574707,-0.000003000000106112566,1,0.8478118777275085,-0.17263798415660858,-0.5014091730117798,0,0.24865402281284332,0.9645560383796692,0.08833670616149902,0,0.46838682889938354,-0.19957026839256287,0.8606889843940735,0,-1.7762900590896606,-2.7255499362945557,0.04597099870443344,1,-0.9754000306129456,-0.21778103709220886,-0.03413879871368408,0,-0.21554100513458252,0.9746840000152588,-0.059434182941913605,0,0.04621820151805878,-0.05061381682753563,-0.9976480603218079,0,-0.5531859993934631,-3.7613980770111084,0.13443799316883087,1,0.9999549984931946,0.009378064423799515,-0.0010749390348792076,0,-0.009299934841692448,0.9982729554176331,0.058005280792713165,0,0.0016170610906556249,-0.05799272283911705,0.9983160495758057,0,0.3588719964027405,-4.430180072784424,-0.02494099922478199,1,0.9917770028114319,-0.04488718882203102,-0.11984477937221527,0,0.07002681493759155,0.9741811156272888,0.2146337926387787,0,0.1071162298321724,-0.22126123309135437,0.96931391954422,0,-2.023442029953003,-9.501687049865723,2.2262959480285645,1,0.9998829960823059,-0.012468242086470127,-0.008887124247848988,0,0.015276758000254631,0.8513796925544739,0.5243273973464966,0,0.0010288764024153352,-0.5244016051292419,0.8514701724052429,0,0.08884000033140182,-4.022747039794922,0.279464989900589,1,0.999891996383667,-0.014673115685582161,-0.0008112025680020452,0,0.014242883771657944,0.9540218710899353,0.2993983328342438,0,-0.0036192024126648903,-0.2993776202201843,0.954128086566925,0,-0.008058999665081501,-3.114274024963379,-0.00006299999949987978,1,0.9899269342422485,-0.024252060800790787,-0.13948917388916016,0,0.05725393816828728,0.9696410298347473,0.23773474991321564,0,0.12948882579803467,-0.24332624673843384,0.9612619280815125,0,0.4656260013580322,-9.60627555847168,2.0310709476470947,1,0.9999359846115112,-0.01060931570827961,-0.003996920771896839,0,0.01133668515831232,0.9322390556335449,0.3616638481616974,0,-0.00011092040949733928,-0.361686110496521,0.9322999119758606,0,0.033900000154972076,-4.7399067878723145,-0.08366099745035172,1,0.999987006187439,-0.005007114261388779,-0.000378835218725726,0,0.004862885922193527,0.9468469619750977,0.32164913415908813,0,-0.0012518350267782807,-0.3216467797756195,0.9468590021133423,0,0.003200999926775694,-3.900480031967163,-0.26239800453186035,1,0.9934340119361877,-0.03512425720691681,-0.10888101905584335,0,0.06720174103975296,0.9493690729141235,0.3068910241127014,0,0.09258896112442017,-0.31219297647476196,0.9454960227012634,0,2.682904005050659,-8.852374076843262,1.4581489562988281,1,0.9995569586753845,-0.02976289577782154,-0.00010385437781224027,0,0.027904100716114044,0.9359059929847717,0.3511439859867096,0,-0.010353854857385159,-0.35099104046821594,0.9363210201263428,0,-0.09626899659633636,-4.319646835327148,-0.21211999654769897,1,0.999455988407135,-0.032970134168863297,-0.001270935288630426,0,0.03263887017965317,0.9823049902915955,0.18442098796367645,0,-0.004831935279071331,-0.1843620091676712,0.9828460216522217,0,-0.052345000207424164,-3.2270309925079346,0.023923000320792198,1,0.9978129863739014,0.00214006332680583,-0.06605827063322067,0,0.03571106493473053,0.8235640525817871,0.5660979151725769,0,0.05561473220586777,-0.5672191977500916,0.8216869235038757,0,4.635983943939209,-8.446423530578613,-0.09365600347518921,1,0.9947540760040283,-0.10229584574699402,-0.0009329679887741804,0,0.09564615786075592,0.9267778992652893,0.36322715878486633,0,-0.03629196435213089,-0.36141082644462585,0.9317000508308411,0,-0.05171100050210953,-3.2834370136260986,-0.032868001610040665,1,0.9994210004806519,-0.032810285687446594,0.00903615914285183,0,0.0312977097928524,0.9904090166091919,0.134571835398674,0,-0.013364841230213642,-0.13421118259429932,0.9908629655838013,0,-0.0490569993853569,-2.585536003112793,-0.0023129999171942472,1,0.04117927327752113,-0.01731792278587818,0.9990020394325256,0,-0.9520280361175537,-0.3041210174560547,0.03397097811102867,0,0.3032289445400238,-0.9524760246276855,-0.029010606929659843,0,-2.956796884536743,8.26944637298584,-0.000299000006634742,1,0.8918128609657288,-0.4366750717163086,0.11825627833604813,0,0.1714019477367401,0.5680409669876099,0.8049541115760803,0,-0.41867774724960327,-0.6975990533828735,0.5814331769943237,0,0,6.435365200042725,0,1,0.8902819752693176,-0.4554069936275482,-0.0013799234293401241,0,0.4553719460964203,0.8902440071105957,-0.010093401186168194,0,0.005825076252222061,0.008357597514986992,0.9999480247497559,0,0,23.596397399902344,0,1,0.9530230164527893,0.19480682909488678,0.23194102942943573,0,-0.2500191628932953,0.9382010102272034,0.23931114375591278,0,-0.17098794877529144,-0.28605887293815613,0.9428330659866333,0,0,21.44659996032715,0,1,0.9637780785560608,0.07570894807577133,-0.2557336986064911,0,-0.020614054054021835,0.9771410226821899,0.2115909457206726,0,0.26590725779533386,-0.19865503907203674,0.9433078765869141,0,1.7762470245361328,2.72599196434021,-0.04600900039076805,1,-0.9955790042877197,0.03607885539531708,-0.08671820908784866,0,0.035790152847766876,0.9993469715118408,0.004882120527327061,0,0.08683779090642929,0.0017568801995366812,-0.9962210059165955,0,0.5536620020866394,3.7610220909118652,-0.13410699367523193,1,0.9968629479408264,0.07906536012887955,0.0034547385293990374,0,-0.07912365347146988,0.9947879910469055,0.06430716812610626,0,0.0016477383906021714,-0.06437883526086807,0.9979239702224731,0,-0.3588480055332184,4.430126190185547,0.024954000487923622,1,0.9920899271965027,0.05615757778286934,-0.11226911097764969,0,-0.04856542497873306,0.9964160323143005,0.0692535936832428,0,0.11575589329004288,-0.06325341761112213,0.9912619590759277,0,2.023400068283081,9.502099990844727,-2.226300001144409,1,0.9998379945755005,-0.014650635421276093,-0.01042416226118803,0,0.017979364842176437,0.8216000199317932,0.5697810053825378,0,0.00021683811792172492,-0.569875955581665,0.8217300772666931,0,-0.08875899761915207,4.02186393737793,-0.2794080078601837,1,0.9999899864196777,-0.004427140112966299,0.00035190468770451844,0,0.0043338593095541,0.9900820851325989,0.14042499661445618,0,-0.0009700953378342092,-0.1404220163822174,0.9900910258293152,0,0.008028999902307987,3.11456298828125,0,1,0.9893749952316284,0.0831877738237381,-0.11923220008611679,0,-0.06471822410821915,0.9863860011100769,0.15117280185222626,0,0.13018478453159332,-0.14185018837451935,0.9812899827957153,0,-0.4655829966068268,9.60579776763916,-2.031064987182617,1,0.999893069267273,-0.013469750992953777,-0.005719601176679134,0,0.014606247656047344,0.8946501016616821,0.44652968645095825,0,-0.0008976015378721058,-0.44656533002853394,0.8947508931159973,0,-0.03390999883413315,4.740744113922119,0.08370299637317657,1,0.9996160864830017,0.006530108395963907,-0.0269317664206028,0,-0.002115892246365547,0.9869880080223083,0.16077885031700134,0,0.027631234377622604,-0.16066014766693115,0.9866229295730591,0,-0.0031950001139193773,3.899775981903076,0.26236701011657715,1,0.9957069158554077,0.03863801062107086,-0.08410611003637314,0,-0.01537998579442501,0.9651349186897278,0.26130011677742004,0,0.09126988053321838,-0.25888487696647644,0.961586058139801,0,-2.6829330921173096,8.852693557739258,-1.4581719636917114,1,0.9993590116500854,-0.035772088915109634,-0.0012078576255589724,0,0.03285091370344162,0.903308093547821,0.427733838558197,0,-0.014209858141839504,-0.4274991750717163,0.9039039015769958,0,0.09626899659633636,4.319604873657227,0.21210600435733795,1,0.9991679787635803,-0.024873914197087288,-0.032324228435754776,0,0.02915508672595024,0.9897850155830383,0.13955482840538025,0,0.02852276898920536,-0.14038117229938507,0.9896869659423828,0,0.052299000322818756,3.2264280319213867,-0.02393300086259842,1,0.9976360201835632,0.04127799719572067,-0.054945267736911774,0,-0.013044001534581184,0.8987190127372742,0.43832993507385254,0,0.06747373938560486,-0.4365770220756531,0.897132933139801,0,-4.635939121246338,8.445931434631348,0.09366100281476974,1,0.9996899962425232,-0.024887971580028534,0.00040325531153939664,0,0.023570027202367783,0.9517109394073486,0.30609026551246643,0,-0.008001744747161865,-0.3059857189655304,0.9520020484924316,0,0.05180399864912033,3.28423810005188,0.03293899819254875,1,0.9994210004806519,-0.03280169144272804,0.009021192789077759,0,0.03126730024814606,0.9901679158210754,0.13634400069713593,0,-0.013404807075858116,-0.13598297536373138,0.9906200170516968,0,0.04901200160384178,2.5851569175720215,0.00228599994443357,1,-0.9955450892448425,-0.04656210541725159,0.08199295401573181,0,0.060928888618946075,-0.981312096118927,0.1825217455625534,0,0.07196204364299774,0.18670427799224854,0.979776918888092,0,7.293951034545898,-3.492218017578125,-1.3486590385437012,1,0.9877849221229553,0.06021295115351677,0.1437191218137741,0,0.01618795096874237,0.8776789903640747,-0.47897493839263916,0,-0.1549798548221588,0.4754510521888733,0.8659839630126953,0,-0.04836999997496605,22.808971405029297,0.04577400162816048,1,0.9952229857444763,-0.05150078237056732,0.082936592400074,0,-0.05560978502035141,0.39918026328086853,0.915183961391449,0,-0.08023941516876221,-0.9154250621795654,0.39440980553627014,0,0.022722000256180763,24.54587173461914,0.042061999440193176,1,0.9979709982872009,0.0004291083023417741,-0.06366530805826187,0,0.04143810644745827,0.7548030018806458,0.6546409726142883,0,0.04833569377660751,-0.6559510827064514,0.7532539367675781,0,0,19.754804611206055,0,1,-0.9642189741134644,0.09423672407865524,-0.24779391288757324,0,-0.13212227821350098,-0.9811569452285767,0.14097923040390015,0,-0.22983908653259277,0.1686737835407257,0.9585000276565552,0,-7.293951034545898,-3.492218017578125,-0.8851040005683899,1,0.9978839755058289,-0.020344164222478867,-0.061750881373882294,0,-0.005015163216739893,0.92286616563797,-0.3850874900817871,0,0.06482211500406265,0.38458251953125,0.9208118319511414,0,0.04834900051355362,22.789798736572266,0.10037799924612045,1,0.9877959489822388,0.10926689207553864,-0.11099839955568314,0,0.04181990027427673,0.5004169940948486,0.8647740483283997,0,0.15003660321235657,-0.8588619232177734,0.48974016308784485,0,-0.022644000127911568,24.540077209472656,-0.04230799898505211,1,0.9978479743003845,0,0.06557386368513107,0,-0.04324033111333847,0.7517770528793335,0.65799880027771,0,-0.04929713159799576,-0.6594180464744568,0.7501590251922607,0,0,19.459609985351562,0,1
