1.400,30,41,65
B0,mixamorig6_Hips,-1,0.9994940161705017,-0.02047800086438656,-0.024358000606298447,0,0.018864000216126442,0.9977220296859741,-0.06476999819278717,0,0.02562900073826313,0.0642779991030693,0.9976029992103577,0,-0.20764300227165222,62.045448303222656,1.1394269466400146,1
B1,mixamorig6_Spine,0,0.9997349977493286,-0.005291000008583069,-0.02239999920129776,0,0.007056000176817179,0.996815025806427,0.07943300157785416,0,0.021908000111579895,-0.07957000285387039,0.9965879917144775,0,0,6.292273998260498,0.09064500033855438,1
B2,mixamorig6_Spine1,1,0.9996100068092346,-0.022399000823497772,-0.01669600047171116,0,0.023031000047922134,0.998986005783081,0.03869299963116646,0,0.015812000259757042,-0.039062000811100006,0.9991120100021362,0,0,7.341742992401123,0,1
B3,mixamorig6_Spine2,2,0.9996079802513123,-0.022888999432325363,-0.01609800010919571,0,0.023492999374866486,0.9989870190620422,0.03838000074028969,0,0.015203000046312809,-0.038743000477552414,0.9991340041160583,0,0,8.390572547912598,0,1
B4,mixamorig6_Neck,3,0.9993109703063965,-0.03707199916243553,-0.0017800000496208668,0,0.03661299869418144,0.9925330281257629,-0.11635500192642212,0,0.0060800001956522465,0.1162090003490448,0.9932060241699219,0,0,9.439387321472168,0,1
B5,mixamorig6_Head,4,0.9993109703063965,-0.03704199939966202,-0.0023129999171942472,0,0.03661299869418144,0.9941059947013855,-0.10204599797725677,0,0.0060800001956522465,0.10189100354909897,0.9947770237922668,0,0,9.228294372558594,3.0156829357147217,1
B6,mixamorig6_HeadTop_End,5,1,0,0,0,0,1,0,0,0,0,1,0,0,52.542198181152344,17.170085906982422,1
B7,mixamorig6_LeftShoulder,3,-0.030153999105095863,0.01039700023829937,-0.9994909763336182,0,0.8378790020942688,-0.5449770092964172,-0.03094800002872944,0,-0.5450220108032227,-0.8383859992027283,0.007722000125795603,0,2.956796884536743,8.269940376281738,0.0339989997446537,1
B8,mixamorig6_LeftArm,7,0.9244440197944641,0.354775995016098,-0.13977700471878052,0,-0.24176999926567078,0.8287969827651978,0.5046210289001465,0,0.29487401247024536,-0.4327000081539154,0.851951003074646,0,0,6.435365200042725,0,1
B9,mixamorig6_LeftForeArm,8,0.8922250270843506,0.45159000158309937,0.0005009999731555581,0,-0.4515500068664551,0.8921599984169006,-0.012404999695718288,0,-0.006049000192433596,0.010842000134289265,0.9999229907989502,0,0,23.597976684570312,0,1
B10,mixamorig6_LeftHand,9,0.8773350119590759,0.15627600252628326,-0.45371899008750916,0,-0.13685999810695648,-0.8247359991073608,-0.5487080216407776,0,-0.45994800329208374,0.5434970259666443,-0.7021819949150085,0,0,21.44420051574707,-0.000003000000106112566,1
B11,mixamorig6_LeftHandThumb1,10,0.9302210211753845,0.021934999153017998,-0.3663429915904999,0,0.037790000438690186,0.9871810078620911,0.15506500005722046,0,0.36504900455474854,-0.15808899700641632,0.9174680113792419,0,-1.7762900590896606,-2.7255499362945557,0.04597099870443344,1
B12,LeftHandThumb2,11,-0.938552975654602,-0.3255060017108917,0.11473199725151062,0,-0.3341920077800751,0.9401559829711914,-0.06650599837303162,0,-0.08621799945831299,-0.10076200217008591,-0.9911680221557617,0,-0.5531859993934631,-3.7613980770111084,0.13443799316883087,1
B13,LeftHandThumb3,12,0.9941930174827576,-0.09632299840450287,-0.04798400029540062,0,0.09970899671316147,0.9922580122947693,0.07404600083827972,0,0.040481001138687134,-0.07840000092983246,0.9961000084877014,0,0.3588719964027405,-4.430180072784424,-0.02494099922478199,1
B14,LeftHandThumb4,13,1,0,0,0,0,1,0,0,0,0,1,0,0.09756200015544891,-3.1828460693359375,-0.00009000000136438757,1
B15,mixamorig6_LeftHandIndex1,10,0.9932839870452881,-0.016769999638199806,-0.11448000371456146,0,0.03564300015568733,0.9856719970703125,0.1648630052804947,0,0.11007499694824219,-0.167835995554924,0.9796500205993652,0,-2.023442029953003,-9.501687049865723,2.2262959480285645,1
B16,mixamorig6_LeftHandIndex2,15,0.9999939799308777,0.0006970000104047358,-0.003409000113606453,0,0.0004140000091865659,0.9489799737930298,0.3153350055217743,0,0.0034549999982118607,-0.3153339922428131,0.9489740133285522,0,0.08884000033140182,-4.022747039794922,0.279464989900589,1
B17,mixamorig6_LeftHandIndex3,16,0.9999679923057556,-0.007980000227689743,0.00014000000373926014,0,0.007801000028848648,0.9809809923171997,0.1939460039138794,0,-0.0016850000247359276,-0.1939390003681183,0.9810119867324829,0,-0.008058999665081501,-3.114274024963379,-0.00006299999949987978,1
B18,mixamorig6_LeftHandIndex4,17,1,0,0,0,0,1,0,0,0,0,1,0,-0.018509000539779663,-2.7514209747314453,0.00006500000017695129,1
B19,mixamorig6_LeftHandMiddle1,10,0.9911940097808838,-0.00002099999983329326,-0.13241800665855408,0,0.010762999765574932,0.9967039823532104,0.08041000366210938,0,0.13197900354862213,-0.08112700283527374,0.9879270195960999,0,0.4656260013580322,-9.60627555847168,2.0310709476470947,1
B20,mixamorig6_LeftHandMiddle2,19,0.9999489784240723,-0.009522000327706337,-0.003481999970972538,0,0.010138999670743942,0.942238986492157,0.3347870111465454,0,0.00009300000237999484,-0.3348050117492676,0.942287027835846,0,0.033900000154972076,-4.7399067878723145,-0.08366099745035172,1
B21,mixamorig6_LeftHandMiddle3,20,0.9999970197677612,-0.0022990000434219837,0.00009500000305706635,0,0.002194999950006604,0.965753972530365,0.2594490051269531,0,-0.0006880000000819564,-0.25944799184799194,0.9657570123672485,0,0.003200999926775694,-3.900480031967163,-0.26239800453186035,1
B22,mixamorig6_LeftHandMiddle4,21,1,0,0,0,0,1,0,0,0,0,1,0,-0.014260999858379364,-2.7825400829315186,-0.00006299999949987978,1
B23,mixamorig6_LeftHandRing1,10,0.9951670169830322,0.025752000510692596,-0.09476099908351898,0,-0.020836999639868736,0.998403012752533,0.05250300094485283,0,0.09596200287342072,-0.05027500167489052,0.9941149950027466,0,2.682904005050659,-8.852374076843262,1.4581489562988281,1
B24,mixamorig6_LeftHandRing2,23,0.9993320107460022,-0.0365229994058609,-0.0013899999903514981,0,0.033546000719070435,0.9014520049095154,0.43157801032066345,0,-0.014510000124573708,-0.431335985660553,0.9020749926567078,0,-0.09626899659633636,-4.319646835327148,-0.21211999654769897,1
B25,mixamorig6_LeftHandRing3,24,0.9994500279426575,-0.03312600031495094,-0.0013050000416114926,0,0.032788001000881195,0.98191899061203,0.18644200265407562,0,-0.004894999787211418,-0.186381995677948,0.9824650287628174,0,-0.052345000207424164,-3.2270309925079346,0.023923000320792198,1
B26,mixamorig6_LeftHandRing4,25,1,0,0,0,0,1,0,0,0,0,1,0,0.004718000069260597,-2.382749080657959,0.00008600000001024455,1
B27,mixamorig6_LeftHandPinky1,10,0.9935269951820374,0.08819200098514557,-0.07159899920225143,0,-0.08066499978303909,0.9915120005607605,0.10196799784898758,0,0.07998400181531906,-0.09553200006484985,0.9922080039978027,0,4.635983943939209,-8.446423530578613,-0.09365600347518921,1
B28,mixamorig6_LeftHandPinky2,27,0.9945579767227173,-0.1041800007224083,-0.0012789999600499868,0,0.09675999730825424,0.9190359711647034,0.3821139931678772,0,-0.03863300010561943,-0.380158007144928,0.9241139888763428,0,-0.05171100050210953,-3.2834370136260986,-0.032868001610040665,1
B29,mixamorig6_LeftHandPinky3,28,0.999210000038147,-0.03893499821424484,0.008008000440895557,0,0.036639999598264694,0.9802590012550354,0.19429099559783936,0,-0.015413999557495117,-0.1938440054655075,0.9809110164642334,0,-0.0490569993853569,-2.585536003112793,-0.0023129999171942472,1
B30,mixamorig6_LeftHandPinky4,29,1,0,0,0,0,1,0,0,0,0,1,0,0.00018899999849963933,-1.9524810314178467,0.00003899999865097925,1
B31,mixamorig6_RightShoulder,3,0.10123299807310104,-0.029417000710964203,0.9944279789924622,0,-0.8426949977874756,-0.5338209867477417,0.06999500095844269,0,0.5287879705429077,-0.8450850248336792,-0.07882999628782272,0,-2.956796884536743,8.26944637298584,-0.000299000006634742,1
B32,mixamorig6_RightArm,31,0.9749000072479248,-0.2116290032863617,0.0691630020737648,0,0.13648700714111328,0.8135010004043579,0.5653200149536133,0,-0.17590199410915375,-0.54169100522995,0.8219670057296753,0,0,6.435365200042725,0,1
B33,mixamorig6_RightForeArm,32,0.899075984954834,-0.43779000639915466,-0.0015750000020489097,0,0.4377560019493103,0.8990409970283508,-0.009703000076115131,0,0.005663999821990728,0.008035000413656235,0.9999520182609558,0,0,23.596397399902344,0,1
B34,mixamorig6_RightHand,33,0.7037249803543091,-0.097120001912117,0.7038030028343201,0,-0.3908799886703491,0.7742900252342224,0.49768298864364624,0,-0.5932829976081848,-0.6253340244293213,0.5069249868392944,0,0,21.44659996032715,0,1
B35,mixamorig6_RightHandThumb1,34,0.9318159818649292,-0.0072189997881650925,-0.36285901069641113,0,0.06270900368690491,0.9879670143127441,0.14138099551200867,0,0.3574720025062561,-0.1544950008392334,0.9210559725761414,0,1.7762470245361328,2.72599196434021,-0.04600900039076805,1
B36,RightHandThumb2,35,-0.960178017616272,-0.26827898621559143,0.07800199836492538,0,-0.2725200057029724,0.9608569741249084,-0.04987499862909317,0,-0.06156900152564049,-0.06914599984884262,-0.9957050085067749,0,0.5536620020866394,3.7610220909118652,-0.13410699367523193,1
B37,RightHandThumb3,36,0.9992079734802246,-0.02455900050699711,-0.031293999403715134,0,0.026496000587940216,0.9976590275764465,0.0630510002374649,0,0.02967200055718422,-0.06383000314235687,0.9975200295448303,0,-0.3588480055332184,4.430126190185547,0.024954000487923622,1
B38,RightHandThumb4,37,1,0,0,0,0,1,0,0,0,0,1,0,-0.09757299721240997,3.1828949451446533,0,1
B39,mixamorig6_RightHandIndex1,34,0.9929389953613281,-0.020791999995708466,-0.11679299920797348,0,0.0484439991414547,0.969756007194519,0.2392210066318512,0,0.10828699916601181,-0.2431900054216385,0.9639149904251099,0,2.023400068283081,9.502099990844727,-2.226300001144409,1
B40,mixamorig6_RightHandIndex2,39,0.9999849796295166,0.00482999999076128,-0.002426000079140067,0,-0.004052999895066023,0.9670060276985168,0.2547230124473572,0,0.003575999988242984,-0.25470900535583496,0.9670109748840332,0,-0.08875899761915207,4.02186393737793,-0.2794080078601837,1
B41,mixamorig6_RightHandIndex3,40,0.999983012676239,-0.005803000181913376,0.00029399999766610563,0,0.0056779999285936356,0.9866529703140259,0.16273599863052368,0,-0.001234999974258244,-0.16273200511932373,0.9866700172424316,0,0.008028999902307987,3.11456298828125,0,1
B42,mixamorig6_RightHandIndex4,41,1,0,0,0,0,1,0,0,0,0,1,0,0.01846799999475479,2.7519121170043945,0,1
B43,mixamorig6_RightHandMiddle1,34,0.9910579919815063,-0.002707999898120761,-0.13340699672698975,0,0.023719999939203262,0.9874449968338013,0.1561730057001114,0,0.13130900263786316,-0.15794099867343903,0.9786790013313293,0,-0.4655829966068268,9.60579776763916,-2.031064987182617,1
B44,mixamorig6_RightHandMiddle2,43,0.9999750256538391,-0.006699000019580126,-0.002386000007390976,0,0.007096999790519476,0.9616580009460449,0.2741599977016449,0,0.0004579999949783087,-0.27417001128196716,0.9616810083389282,0,-0.03390999883413315,4.740744113922119,0.08370299637317657,1
B45,mixamorig6_RightHandMiddle3,44,1,-0.0007869999972172081,0.00028899998869746923,0,0.000699999975040555,0.9734809994697571,0.22876699268817902,0,-0.0004619999963324517,-0.22876699268817902,0.9734809994697571,0,-0.0031950001139193773,3.899775981903076,0.26236701011657715,1
B46,mixamorig6_RightHandMiddle4,45,1,0,0,0,0,1,0,0,0,0,1,0,0.014262000098824501,2.782953977584839,0,1
B47,mixamorig6_RightHandRing1,34,0.9953789710998535,0.020085999742150307,-0.09390299767255783,0,-0.007914000190794468,0.9917110204696655,0.12824299931526184,0,0.09570000320672989,-0.12690800428390503,0.9872869849205017,0,-2.6829330921173096,8.852693557739258,-1.4581719636917114,1
B48,mixamorig6_RightHandRing2,47,0.9995099902153015,-0.03128400072455406,-0.0003220000071451068,0,0.02913700044155121,0.9270809888839722,0.3737269937992096,0,-0.01139300037175417,-0.37355300784111023,0.9275389909744263,0,0.09626899659633636,4.319604873657227,0.21210600435733795,1
B49,mixamorig6_RightHandRing3,48,0.9995329976081848,-0.030546000227332115,-0.0008120000129565597,0,0.030301999300718307,0.9874100089073181,0.15525299310684204,0,-0.00394099997356534,-0.15520499646663666,0.9878739714622498,0,0.052299000322818756,3.2264280319213867,-0.02393300086259842,1
B50,mixamorig6_RightHandRing4,49,1,0,0,0,0,1,0,0,0,0,1,0,-0.004683000035583973,2.3832759857177734,0,1
B51,mixamorig6_RightHandPinky1,34,0.9968129992485046,0.01083299983292818,-0.07903800159692764,0,0.0024300001095980406,0.9861559867858887,0.16580399870872498,0,0.0797400027513504,-0.1654680073261261,0.9829859733581543,0,-4.635939121246338,8.445931434631348,0.09366100281476974,1
B52,mixamorig6_RightHandPinky2,51,0.9996320009231567,-0.027130000293254852,0.00013299999409355223,0,0.025575999170541763,0.9439759850502014,0.3290199935436249,0,-0.009052000008523464,-0.3288959860801697,0.9443230032920837,0,0.05180399864912033,3.28423810005188,0.03293899819254875,1
B53,mixamorig6_RightHandPinky3,52,0.9993320107460022,-0.0355289988219738,0.008604999631643295,0,0.033649999648332596,0.9860129952430725,0.16323399543762207,0,-0.014283999800682068,-0.1628350019454956,0.986549973487854,0,0.04901200160384178,2.5851569175720215,0.00228599994443357,1
B54,mixamorig6_RightHandPinky4,53,1,0,0,0,0,1,0,0,0,0,1,0,-0.00019999999494757503,1.9524120092391968,0,1
B55,mixamorig6_LeftUpLeg,0,-0.9908739924430847,-0.03139499947428703,0.13108700513839722,0,0.09383399784564972,-0.8588250279426575,0.5036020278930664,0,0.09677000343799591,0.5113070011138916,0.8539329767227173,0,7.293951034545898,-3.492218017578125,-1.3486590385437012,1
B56,mixamorig6_LeftLeg,55,0.988182008266449,0.14455699920654297,0.050992000848054886,0,-0.022505000233650208,0.4658699929714203,-0.8845670223236084,0,-0.15162600576877594,0.8729649782180786,0.4636180102825165,0,-0.04836999997496605,22.808971405029297,0.04577400162816048,1
B57,mixamorig6_LeftFoot,56,0.9966350197792053,0.03913399949669838,0.07202400267124176,0,-0.08196700364351273,0.4697529971599579,0.8789839744567871,0,0.0005639999872073531,-0.8819299936294556,0.47137999534606934,0,0.022722000256180763,24.54587173461914,0.042061999440193176,1
B58,mixamorig6_LeftToeBase,57,0.9963579773902893,-0.07523299753665924,0.04012700170278549,0,0.019957000389695168,0.6633059978485107,0.7480819821357727,0,-0.08289700001478195,-0.7445570230484009,0.6623920202255249,0,0,19.754804611206055,0,1
B59,mixamorig6_LeftToe_End,58,1,0,0,0,0,1,0,0,0,0,1,0,0,7.431748867034912,0,1
B60,mixamorig6_RightUpLeg,0,-0.9832890033721924,-0.04485199972987175,-0.1764419972896576,0,0.00533499987795949,-0.9758589863777161,0.21833500266075134,0,-0.18197500705718994,0.21374499797821045,0.9597910046577454,0,-7.293951034545898,-3.492218017578125,-0.8851040005683899,1
B61,mixamorig6_RightLeg,60,0.9933720231056213,0.010433999821543694,-0.1144699975848198,0,-0.07933499664068222,0.7828680276870728,-0.6171090006828308,0,0.08317600190639496,0.6220999956130981,0.7785069942474365,0,0.04834900051355362,22.789798736572266,0.10037799924612045,1
B62,mixamorig6_RightFoot,61,0.9944940209388733,-0.08195500075817108,-0.06530600041151047,0,0.08751200139522552,0.3066839873790741,0.9477800130844116,0,-0.05764700099825859,-0.9482769966125488,0.3121669888496399,0,-0.022644000127911568,24.540077209472656,-0.04230799898505211,1
B63,mixamorig6_RightToeBase,62,0.9978479743003845,0,0.06557399779558182,0,-0.04323999956250191,0.7517780065536499,0.6579970121383667,0,-0.04929700121283531,-0.6594169735908508,0.7501599788665771,0,0,19.459609985351562,0,1
B64,mixamorig6_RightToe_End,63,1,0,0,0,0,1,0,0,0,0,1,0,0,7.390963077545166,0,1
@52,0,1,2,3,4,5,7,8,9,10,11,12,13,15,16,17,19,20,21,23,24,25,27,28,29,31,32,33,34,35,36,37,39,40,41,43,44,45,47,48,49,51,52,53,55,56,57,58,60,61,62,63
K0,0.9994940161705017,-0.020478390157222748,-0.024358056485652924,0,0.018863610923290253,0.9977220296859741,-0.06477013975381851,0,0.025628946721553802,0.06427785754203796,0.9976029992103577,0,-0.20764300227165222,62.045448303222656,1.1394269466400146,1,0.9997349977493286,-0.005291348788887262,-0.02239982597529888,0,0.007055651396512985,0.9968150854110718,0.07943301647901535,0,0.021908171474933624,-0.0795699879527092,0.9965879917144775,0,0,6.292273998260498,0.09064500033855438,1,0.9996100664138794,-0.02239886298775673,-0.01669580489397049,0,0.023031139746308327,0.9989860653877258,0.038692791014909744,0,0.01581219583749771,-0.03906221315264702,0.9991120100021362,0,0,7.341742992401123,0,1,0.9996079802513123,-0.022889072075486183,-0.016097888350486755,0,0.023492930456995964,0.9989870190620422,0.038379911333322525,0,0.015203114598989487,-0.03874308988451958,0.9991340041160583,0,0,8.390572547912598,0,1,0.9993109703063965,-0.0370718389749527,-0.0017799052875488997,0,0.03661315515637398,0.9925330281257629,-0.11635469645261765,0,0.00608009472489357,0.11620930582284927,0.9932060241699219,0,0,9.439387321472168,0,1,0.9993109703063965,-0.037042077630758286,-0.0023133198264986277,0,0.036612920463085175,0.9941060543060303,-0.10204602777957916,0,0.006079680752009153,0.10189098119735718,0.9947769641876221,0,0,9.228294372558594,3.0156829357147217,1,-0.030154075473546982,0.01039730291813612,-0.9994909167289734,0,0.8378790616989136,-0.5449768900871277,-0.03094751574099064,0,-0.5450215935707092,-0.8383862972259521,0.007721602916717529,0,2.956796884536743,8.269940376281738,0.0339989997446537,1,0.9244441390037537,0.35477596521377563,-0.13977690041065216,0,-0.24177004396915436,0.8287970423698425,0.5046209096908569,0,0.2948741316795349,-0.4327000379562378,0.8519508838653564,0,0,6.435365200042725,0,1,0.8922250866889954,0.451589971780777,0.0005010064342059195,0,-0.45155003666877747,0.8921599388122559,-0.01240509282797575,0,-0.006048994138836861,0.010841906070709229,0.999923050403595,0,0,23.597976684570312,0,1,0.8773351311683655,0.15627634525299072,-0.45371872186660767,0,-0.13686034083366394,-0.8247359991073608,-0.5487080812454224,0,-0.45994827151298523,0.5434969663619995,-0.702181875705719,0,0,21.44420051574707,-0.000003000000106112566,1,0.930220901966095,0.021935082972049713,-0.36634325981140137,0,0.03779008239507675,0.9871809482574463,0.15506501495838165,0,0.36504873633384705,-0.15808898210525513,0.9174681305885315,0,-1.7762900590896606,-2.7255499362945557,0.04597099870443344,1,-0.9385530352592468,-0.3255060613155365,0.1147320568561554,0,-0.3341919779777527,0.9401560425758362,-0.06650602072477341,0,-0.08621794730424881,-0.10076197981834412,-0.9911680817604065,0,-0.5531859993934631,-3.7613980770111084,0.13443799316883087,1,0.9941929578781128,-0.09632284194231033,-0.04798440262675285,0,0.0997091680765152,0.9922580718994141,0.07404576241970062,0,0.0404805988073349,-0.07840023934841156,0.9961000084877014,0,0.3588719964027405,-4.430180072784424,-0.02494099922478199,1,0.9932839870452881,-0.016770197078585625,-0.11448002606630325,0,0.035642802715301514,0.9856719970703125,0.16486291587352753,0,0.1100749745965004,-0.16783609986305237,0.9796500205993652,0,-2.023442029953003,-9.501687049865723,2.2262959480285645,1,0.9999939203262329,0.0006967810331843793,-0.0034091067500412464,0,0.00041378106107003987,0.9489800333976746,0.3153347373008728,0,0.003454893361777067,-0.3153342604637146,0.9489738941192627,0,0.08884000033140182,-4.022747039794922,0.279464989900589,1,0.9999679923057556,-0.007979835383594036,0.00014000199735164642,0,0.00780116394162178,0.9809809923171997,0.19394615292549133,0,-0.0016849978128448129,-0.19393888115882874,0.9810119867324829,0,-0.008058999665081501,-3.114274024963379,-0.00006299999949987978,1,0.9911940097808838,-0.0000207977482205024,-0.13241758942604065,0,0.010763201862573624,0.9967039823532104,0.0804099515080452,0,0.13197943568229675,-0.08112706989049911,0.9879269599914551,0,0.4656260013580322,-9.60627555847168,2.0310709476470947,1,0.9999489784240723,-0.00952238030731678,-0.0034820474684238434,0,0.0101386196911335,0.942238986492157,0.334786981344223,0,0.0000929523230297491,-0.33480504155158997,0.942287027835846,0,0.033900000154972076,-4.7399067878723145,-0.08366099745035172,1,0.9999970197677612,-0.0022986717522144318,0.00009493130346527323,0,0.002195328241214156,0.965753972530365,0.2594488859176636,0,-0.0006880686851218343,-0.2594481110572815,0.9657569527626038,0,0.003200999926775694,-3.900480031967163,-0.26239800453186035,1,0.9951670169830322,0.025752339512109756,-0.09476109594106674,0,-0.020836664363741875,0.998403012752533,0.052503108978271484,0,0.09596190601587296,-0.050274889916181564,0.9941150546073914,0,2.682904005050659,-8.852374076843262,1.4581489562988281,1,0.9993319511413574,-0.036523036658763885,-0.0013897439930588007,0,0.03354595974087715,0.9014520645141602,0.4315778613090515,0,-0.014509744010865688,-0.43133607506752014,0.902074933052063,0,-0.09626899659633636,-4.319646835327148,-0.21211999654769897,1,0.9994500279426575,-0.03312582150101662,-0.0013048165710642934,0,0.03278817981481552,0.9819189310073853,0.18644188344478607,0,-0.004894816316664219,-0.18638212978839874,0.9824650287628174,0,-0.052345000207424164,-3.2270309925079346,0.023923000320792198,1,0.9935270547866821,0.08819210529327393,-0.07159899175167084,0,-0.08066489547491074,0.99151211977005,0.10196778178215027,0,0.07998400926589966,-0.09553221613168716,0.992207944393158,0,4.635983943939209,-8.446423530578613,-0.09365600347518921,1,0.9945580363273621,-0.1041797548532486,-0.0012790304608643055,0,0.09676024317741394,0.9190359711647034,0.382114052772522,0,-0.03863302990794182,-0.3801579177379608,0.9241139888763428,0,-0.05171100050210953,-3.2834370136260986,-0.032868001610040665,1,0.999210000038147,-0.03893524408340454,0.008007658645510674,0,0.036639753729104996,0.9802590012550354,0.19429096579551697,0,-0.015414342284202576,-0.1938440501689911,0.9809110164642334,0,-0.0490569993853569,-2.585536003112793,-0.0023129999171942472,1,0.10123267769813538,-0.0294171329587698,0.9944280982017517,0,-0.842694878578186,-0.5338214039802551,0.06999484449625015,0,0.5287878513336182,-0.8450852036476135,-0.07882994413375854,0,-2.956796884536743,8.26944637298584,-0.000299000006634742,1,0.9749000668525696,-0.2116289585828781,0.06916280835866928,0,0.13648703694343567,0.8135009407997131,0.5653200745582581,0,-0.17590218782424927,-0.5416909456253052,0.8219670057296753,0,0,6.435365200042725,0,1,0.899075984954834,-0.43779006600379944,-0.0015749811427667737,0,0.4377560019493103,0.8990409970283508,-0.009703379124403,0,0.005664018448442221,0.00803462229669094,0.9999520182609558,0,0,23.596397399902344,0,1,0.7037248015403748,-0.09711983054876328,0.7038032412528992,0,-0.3908798098564148,0.7742902040481567,0.4976827800273895,0,-0.5932828187942505,-0.6253341436386108,0.5069249868392944,0,0,21.44659996032715,0,1,0.9318159818649292,-0.0072189257480204105,-0.36285901069641113,0,0.06270907074213028,0.9879670739173889,0.1413806974887848,0,0.3574720025062561,-0.15449529886245728,0.9210559129714966,0,1.7762470245361328,2.72599196434021,-0.04600900039076805,1,-0.9601780772209167,-0.2682788074016571,0.07800232619047165,0,-0.27252015471458435,0.9608569145202637,-0.04987495765089989,0,-0.06156868115067482,-0.0691460445523262,-0.9957050681114197,0,0.5536620020866394,3.7610220909118652,-0.13410699367523193,1,0.9992079734802246,-0.024559203535318375,-0.03129386156797409,0,0.02649580128490925,0.9976590275764465,0.06305088102817535,0,0.02967214025557041,-0.06383012980222702,0.9975200295448303,0,-0.3588480055332184,4.430126190185547,0.024954000487923622,1,0.9929389953613281,-0.020791687071323395,-0.11679309606552124,0,0.04844431206583977,0.9697559475898743,0.23922118544578552,0,0.10828690975904465,-0.24318982660770416,0.9639149904251099,0,2.023400068283081,9.502099990844727,-2.226300001144409,1,0.9999849796295166,0.004830111283808947,-0.0024258499033749104,0,-0.004052888602018356,0.9670060873031616,0.25472286343574524,0,0.0035761501640081406,-0.2547091245651245,0.9670109152793884,0,-0.08875899761915207,4.02186393737793,-0.2794080078601837,1,0.999983012676239,-0.0058031240478158,0.0002942742721643299,0,0.005677876528352499,0.9866529107093811,0.16273614764213562,0,-0.0012347256997600198,-0.1627318561077118,0.9866700768470764,0,0.008028999902307987,3.11456298828125,0,1,0.9910579919815063,-0.0027076599653810263,-0.13340693712234497,0,0.02372034080326557,0.9874449968338013,0.15617305040359497,0,0.13130907714366913,-0.15794093906879425,0.9786790013313293,0,-0.4655829966068268,9.60579776763916,-2.031064987182617,1,0.9999750852584839,-0.0066992598585784435,-0.0023860782384872437,0,0.00709674134850502,0.9616580009460449,0.2741600275039673,0,0.0004579218220897019,-0.2741699516773224,0.9616810083389282,0,-0.03390999883413315,4.740744113922119,0.08370299637317657,1,1,-0.0007870282279327512,0.00028931317501701415,0,0.0006999716279096901,0.9734809398651123,0.22876712679862976,0,-0.0004616868100129068,-0.2287668138742447,0.9734809994697571,0,-0.0031950001139193773,3.899775981903076,0.26236701011657715,1,0.9953789710998535,0.020086165517568588,-0.09390272945165634,0,-0.007913834415376186,0.9917109608650208,0.1282433718442917,0,0.09570026397705078,-0.126907616853714,0.9872870445251465,0,-2.6829330921173096,8.852693557739258,-1.4581719636917114,1,0.9995099902153015,-0.031283777207136154,-0.0003220362705178559,0,0.029137225821614265,0.9270811080932617,0.3737267553806305,0,-0.01139303669333458,-0.37355321645736694,0.9275389313697815,0,0.09626899659633636,4.319604873657227,0.21210600435733795,1,0.99953293800354,-0.030546193942427635,-0.0008118032710626721,0,0.030301805585622787,0.9874100089073181,0.15525299310684204,0,-0.003940803464502096,-0.15520501136779785,0.987873911857605,0,0.052299000322818756,3.2264280319213867,-0.02393300086259842,1,0.9968129992485046,0.010832780040800571,-0.07903806865215302,0,0.0024297803174704313,0.9861559271812439,0.16580425202846527,0,0.07973992079496384,-0.1654677391052246,0.9829860329627991,0,-4.635939121246338,8.445931434631348,0.09366100281476974,1,0.9996320009231567,-0.02713015116751194,0.00013304140884429216,0,0.025575848296284676,0.9439759850502014,0.32902011275291443,0,-0.009051959030330181,-0.3288958668708801,0.9443230628967285,0,0.05180399864912033,3.28423810005188,0.03293899819254875,1,0.9993319511413574,-0.03552903234958649,0.008604906499385834,0,0.03364995867013931,0.9860129952430725,0.16323378682136536,0,-0.014284092001616955,-0.16283521056175232,0.986549973487854,0,0.04901200160384178,2.5851569175720215,0.00228599994443357,1,-0.990874171257019,-0.0313946008682251,0.1310868114233017,0,0.09383440762758255,-0.8588249683380127,0.5036022663116455,0,0.09677021205425262,0.5113067626953125,0.8539330363273621,0,7.293951034545898,-3.492218017578125,-1.3486590385437012,1,0.9881819486618042,0.14455704391002655,0.05099201574921608,0,-0.022504955530166626,0.46587035059928894,-0.8845669031143188,0,-0.15162599086761475,0.8729651570320129,0.4636177718639374,0,-0.04836999997496605,22.808971405029297,0.04577400162816048,1,0.9966349601745605,0.03913376107811928,0.07202431559562683,0,-0.08196724206209183,0.4697529077529907,0.8789840340614319,0,0.0005643127369694412,-0.8819299936294556,0.47137993574142456,0,0.022722000256180763,24.54587173461914,0.042061999440193176,1,0.9963579773902893,-0.07523305714130402,0.040126994252204895,0,0.01995694264769554,0.6633059978485107,0.7480819821357727,0,-0.08289701491594315,-0.7445569634437561,0.6623919606208801,0,0,19.754804611206055,0,1,-0.9832890629768372,-0.04485201835632324,-0.17644183337688446,0,0.005334983114153147,-0.9758590459823608,0.21833494305610657,0,-0.18197517096996307,0.2137450873851776,0.9597910046577454,0,-7.293951034545898,-3.492218017578125,-0.8851040005683899,1,0.9933720231056213,0.010434125550091267,-0.11447004973888397,0,-0.07933485507965088,0.7828680872917175,-0.6171088814735413,0,0.08317594230175018,0.6221000552177429,0.778506875038147,0,0.04834900051355362,22.789798736572266,0.10037799924612045,1,0.9944940209388733,-0.08195506781339645,-0.06530608981847763,0,0.08751194179058075,0.30668365955352783,0.947780191898346,0,-0.05764709413051605,-0.9482769966125488,0.3121671974658966,0,-0.022644000127911568,24.540077209472656,-0.04230799898505211,1,0.9978479743003845,0,0.06557384878396988,0,-0.0432402640581131,0.7517777681350708,0.657997190952301,0,-0.04929715022444725,-0.6594167947769165,0.7501601576805115,0,0,19.459609985351562,0,1
