12.133,30,364,57
B0,mixamorig_Hips,-1,0.9992420077323914,-0.003986000083386898,0.03871599957346916,0,-0.006297999992966652,0.9650769829750061,0.2618919909000397,0,-0.03840800002217293,-0.2619369924068451,0.9643200039863586,0,-0.010201999917626381,56.729042053222656,-5.109479904174805,1
B1,mixamorig_Spine,0,0.9997130036354065,-0.010553999803960323,-0.021526999771595,0,0.014144999906420708,0.984611988067627,0.17418299615383148,0,0.019356999546289444,-0.1744370013475418,0.9844779968261719,0,0,7.733353137969971,-0.2694129943847656,1
B2,mixamorig_Spine1,1,0.9997940063476562,0.0006259999936446548,-0.020301999524235725,0,0.002509000012651086,0.9880660176277161,0.15401099622249603,0,0.020157000049948692,-0.1540299952030182,0.9878600239753723,0,0,9.02772045135498,0,1
B3,mixamorig_Spine2,2,0.9998189806938171,0.00009500000305706635,-0.01903500035405159,0,0.002841999987140298,0.9880399703979492,0.15417499840259552,0,0.018821999430656433,-0.15420100092887878,0.9878600239753723,0,0,10.317388534545898,0,1
B4,mixamorig_Neck,3,0.9999240040779114,-0.006231999956071377,-0.01066100038588047,0,0.004282000008970499,0.9847339987754822,-0.17401300370693207,0,0.011583000421524048,0.17395399510860443,0.984686017036438,0,0,11.60706615447998,0,1
B5,mixamorig_Head,4,0.9974049925804138,-0.06585899740457535,-0.029092999175190926,0,0.028031000867486,0.7274060249328613,-0.685634970664978,0,0.06631799787282944,0.6830400228500366,0.7273640036582947,0,0,20.609535217285156,1.2946360111236572,1
B6,mixamorig_HeadTop_End,5,1,0,0,0,0,1,0,0,0,0,1,0,0,40.26049041748047,2.5290560722351074,1
B7,mixamorig_LeftShoulder,3,0.020018000155687332,0.033153001219034195,-0.9992499947547913,0,0.8855779767036438,-0.46448400616645813,0.0023300000466406345,0,-0.4640580117702484,-0.8849610090255737,-0.03865800052881241,0,4.852853775024414,9.673606872558594,-0.05987999960780144,1
B8,mixamorig_LeftArm,7,0.8193439841270447,0.5505470037460327,0.15992000699043274,0,-0.5344480276107788,0.632552981376648,0.5605720281600952,0,0.20746399462223053,-0.5447700023651123,0.812516987323761,0,0,10.387492179870605,0,1
B9,mixamorig_LeftForeArm,8,-0.33246201276779175,0.9422309994697571,0.040856000036001205,0,-0.942255973815918,-0.33369699120521545,0.028286999091506004,0,0.040286000818014145,-0.029092000797390938,0.9987649917602539,0,0,18.387060165405273,0,1
B10,mixamorig_LeftHand,9,0.957207977771759,-0.2873620092868805,-0.03429500013589859,0,0.27653199434280396,0.9431440234184265,-0.1844169944524765,0,0.0853390023112297,0.16704200208187103,0.9822499752044678,0,0,23.780500411987305,0,1
B11,mixamorig_LeftHandThumb1,10,0.8821769952774048,0.3749780058860779,-0.2848779857158661,0,-0.2624270021915436,0.8937559723854065,0.36377501487731934,0,0.39101898670196533,-0.2461549937725067,0.8868550062179565,0,-2.4566938877105713,1.5556249618530273,1.1841609477996826,1
B12,mixamorig_LeftHandThumb2,11,0.8306090235710144,-0.5564079880714417,-0.022312000393867493,0,0.5514450073242188,0.8163059949874878,0.1719069927930832,0,-0.07743699848651886,-0.1550920009613037,0.9848600029945374,0,0.36904698610305786,2.484477996826172,0,1
B13,mixamorig_LeftHandThumb3,12,0.9578419923782349,0.2864690124988556,0.02175699919462204,0,-0.2869339883327484,0.9576860070228577,0.022518999874591827,0,-0.014386000111699104,-0.02781200036406517,0.9995099902153015,0,-0.7663660049438477,3.5317790508270264,0,1
B14,mixamorig_LeftHandThumb4,13,1,0,0,0,0,1,0,0,0,0,1,0,0.3973189890384674,2.4696879386901855,0,1
B15,mixamorig_LeftHandIndex1,10,0.9997419714927673,-0.021014999598264694,-0.008678000420331955,0,0.02250000089406967,0.9693419933319092,0.24468399584293365,0,0.003269999986514449,-0.24481600522994995,0.9695640206336975,0,-3.154033899307251,7.049776077270508,-0.061416998505592346,1
B16,mixamorig_LeftHandIndex2,15,0.9996230006217957,-0.027349000796675682,-0.0025820001028478146,0,0.02734600007534027,0.9817559719085693,0.18817000091075897,0,-0.0026110000908374786,-0.18817000091075897,0.9821329712867737,0,-0.0006709999870508909,3.8191540241241455,0,1
B17,mixamorig_LeftHandIndex3,16,0.9998949766159058,-0.014475000090897083,-0.0006840000278316438,0,0.014473999850451946,0.9954180121421814,0.09451799839735031,0,-0.0006880000000819564,-0.09451799839735031,0.9955229759216309,0,0.0011080000549554825,3.4852309226989746,0,1
B18,mixamorig_LeftHandIndex4,17,1,0,0,0,0,1,0,0,0,0,1,0,-0.00043700000969693065,2.2883119583129883,0,1
B19,mixamorig_LeftHandMiddle1,10,0.9997810125350952,-0.02042200043797493,-0.0045540002174675465,0,0.020914999768137932,0.9694430232048035,0.24442200362682343,0,-0.0005760000203736126,-0.2444639950990677,0.9696580171585083,0,-0.11060699820518494,7.067758083343506,-0.011722000315785408,1
B20,mixamorig_LeftHandMiddle2,19,0.9995980262756348,-0.028255999088287354,-0.0023360000923275948,0,0.02819100022315979,0.9816989898681641,0.1883399933576584,0,-0.003028000006452203,-0.18832999467849731,0.9821010231971741,0,0.004902000073343515,3.6007208824157715,0,1
B21,mixamorig_LeftHandMiddle3,20,0.9997869729995728,-0.020641999319195747,-0.0008190000080503523,0,0.020627999678254128,0.9953150153160095,0.09446000307798386,0,-0.0011350000277161598,-0.0944570004940033,0.995527982711792,0,0.0072119999676942825,4.105547904968262,0,1
B22,mixamorig_LeftHandMiddle4,21,1,0,0,0,0,1,0,0,0,0,1,0,-0.01211399957537651,2.671945095062256,0,1
B23,mixamorig_LeftHandRing1,10,0.9994109869003296,-0.030515000224113464,0.015677999705076218,0,0.02575499936938286,0.969245970249176,0.24474099278450012,0,-0.022664999589323997,-0.24419300258159637,0.969461977481842,0,3.2646400928497314,6.772317886352539,-0.24596600234508514,1
B24,mixamorig_LeftHandRing2,23,0.9995800256729126,-0.028815999627113342,-0.0031820000149309635,0,0.028900999575853348,0.9818609952926636,0.18738600611686707,0,-0.00227600010111928,-0.1873989999294281,0.9822810292243958,0,-0.012240000069141388,3.547384023666382,0,1
B25,mixamorig_LeftHandRing3,24,0.9999250173568726,-0.01221999991685152,0.000048999998398358,0,0.012160999700427055,0.9954860210418701,0.09412600100040436,0,-0.0011990000493824482,-0.09411899745464325,0.9955599904060364,0,0.001446999958716333,3.214266061782837,0,1
B26,mixamorig_LeftHandRing4,25,1,0,0,0,0,1,0,0,0,0,1,0,0.01079300045967102,2.30315899848938,0,1
B27,mixamorig_RightShoulder,3,-0.08109000325202942,0.008806999772787094,0.9966679811477661,0,-0.9526540040969849,-0.2946850061416626,-0.07490500062704086,0,0.29304298758506775,-0.9555540084838867,0.03228599950671196,0,-4.852853775024414,9.674127578735352,-0.0748170018196106,1
B28,mixamorig_RightArm,27,0.8538990020751953,-0.5039119720458984,-0.13011400401592255,0,0.45108500123023987,0.5919079780578613,0.6679570078849792,0,-0.2595759928226471,-0.6290609836578369,0.7327370047569275,0,0,10.387492179870605,0,1
B29,mixamorig_RightForeArm,28,-0.3941349983215332,-0.9180099964141846,-0.043758999556303024,0,0.9180369973182678,-0.39549100399017334,0.028206000104546547,0,-0.04320000112056732,-0.029054999351501465,0.9986439943313599,0,0,18.38787841796875,0,1
B30,mixamorig_RightHand,29,0.9321240186691284,0.3593220114707947,0.045092999935150146,0,-0.35334399342536926,0.9296820163726807,-0.10410799831151962,0,-0.07933100312948227,0.08110799640417099,0.9935430288314819,0,0,23.787641525268555,0,1
B31,mixamorig_RightHandThumb1,30,0.8721479773521423,-0.4322589933872223,0.22915099561214447,0,0.3052769899368286,0.8468289971351624,0.4355289936065674,0,-0.3823130130767822,-0.3098919987678528,0.8705189824104309,0,2.2794830799102783,1.6079219579696655,1.181812047958374,1
B32,mixamorig_RightHandThumb2,31,0.7222149968147278,0.6852110028266907,0.09429699927568436,0,-0.6907169818878174,0.7073370218276978,0.150285005569458,0,0.03627699986100197,-0.17367100715637207,0.9841349720954895,0,-0.38479599356651306,2.3928918838500977,0,1
B33,mixamorig_RightHandThumb3,32,0.9212329983711243,-0.3889470100402832,0.006990999914705753,0,0.3888239860534668,0.9211999773979187,0.0143649997189641,0,-0.012028000317513943,-0.010514999739825726,0.9998720288276672,0,0.9621149897575378,3.4698081016540527,0,1
B34,mixamorig_RightHandThumb4,33,1,0,0,0,0,1,0,0,0,0,1,0,-0.5773199796676636,2.511997938156128,0,1
B35,mixamorig_RightHandIndex1,30,0.9998000264167786,0.019878000020980835,0.0023169999476522207,0,-0.019866999238729477,0.9718359708786011,0.23481999337673187,0,0.0024160000029951334,-0.23481899499893188,0.9720360040664673,0,3.0093119144439697,6.692640781402588,0.02631399966776371,1
B36,mixamorig_RightHandIndex2,35,0.9983159899711609,0.056345999240875244,0.013817000202834606,0,-0.05659700185060501,0.8935610055923462,0.4453609883785248,0,0.012748000212013721,-0.44539201259613037,0.8952450156211853,0,0.0026920000091195107,3.946221113204956,0,1
B37,mixamorig_RightHandIndex3,36,0.9997199773788452,0.023493999615311623,0.0028860000893473625,0,-0.023530999198555946,0.9731720089912415,0.22887299954891205,0,0.0025690000038594007,-0.228876993060112,0.9734519720077515,0,0.005607000086456537,3.5805089473724365,0,1
B38,mixamorig_RightHandIndex4,37,1,0,0,0,0,1,0,0,0,0,1,0,-0.00829899962991476,2.3481459617614746,0,1
B39,mixamorig_RightHandMiddle1,30,0.9998199939727783,0.018563000485301018,0.0039980001747608185,0,-0.01898300088942051,0.9718530178070068,0.23482200503349304,0,0.00047400000039488077,-0.2348559945821762,0.972029983997345,0,0.09402299672365189,7.099377155303955,-0.17900599539279938,1
B40,mixamorig_RightHandMiddle2,39,0.9984059929847717,0.05496000126004219,0.012872000224888325,0,-0.054933998733758926,0.8935999870300293,0.44548898935317993,0,0.012981000356376171,-0.44548600912094116,0.8951950073242188,0,-0.0007810000097379088,4.015562057495117,0,1
B41,mixamorig_RightHandMiddle3,40,0.9995890259742737,0.02847200073301792,0.003343000076711178,0,-0.028480999171733856,0.9730299711227417,0.2289150059223175,0,0.0032649999484419823,-0.2289160043001175,0.9734410047531128,0,-0.00005500000042957254,3.8316869735717773,0,1
B42,mixamorig_RightHandMiddle4,41,1,0,0,0,0,1,0,0,0,0,1,0,0.0008370000286959112,2.6251959800720215,0,1
B43,mixamorig_RightHandRing1,30,0.9998329877853394,0.018124999478459358,0.0023769999388605356,0,-0.018177000805735588,0.9718679785728455,0.23482400178909302,0,0.0019460000330582261,-0.23482799530029297,0.9720349907875061,0,-3.103334903717041,6.505760192871094,0.0067529999651014805,1
B44,mixamorig_RightHandRing2,43,0.998386025428772,0.05540800094604492,0.012494999915361404,0,-0.0551690012216568,0.8936190009117126,0.4454230070114136,0,0.013513999991118908,-0.44539299607276917,0.8952329754829407,0,-0.0036100000143051147,3.5780460834503174,0,1
B45,mixamorig_RightHandRing3,44,0.9994459748268127,0.03308400139212608,0.0036979999858886003,0,-0.033052001148462296,0.9728969931602478,0.22886300086975098,0,0.003973999992012978,-0.22885799407958984,0.9734519720077515,0,-0.003918000031262636,3.332789897918701,0,1
B46,mixamorig_RightHandRing4,45,1,0,0,0,0,1,0,0,0,0,1,0,0.007528000045567751,2.1914000511169434,0,1
B47,mixamorig_LeftUpLeg,0,-0.9660400152206421,-0.018393000587821007,0.25773799419403076,0,0.17184999585151672,-0.7906209826469421,0.5876950025558472,0,0.19296400249004364,0.6120290160179138,0.766933023929596,0,9.856062889099121,-4.301853179931641,0.0698850005865097,1
B48,mixamorig_LeftLeg,47,0.9868370294570923,0.09159500151872635,0.13328100740909576,0,-0.005049999803304672,0.8411949872970581,-0.5407090187072754,0,-0.16164100170135498,0.5329179763793945,0.8305839896202087,0,0,23.987747192382812,0,1
B49,mixamorig_LeftFoot,48,0.9812800288200378,-0.10497500002384186,0.1614619940519333,0,-0.0812619999051094,0.5344030261039734,0.8413140177726746,0,-0.17460300028324127,-0.8386849761009216,0.5158690214157104,0,0,18.07269859313965,0,1
B50,mixamorig_LeftToeBase,49,0.9987030029296875,-0.00004400000034365803,0.050905998796224594,0,-0.033128999173641205,0.7586899995803833,0.650609016418457,0,-0.0386510007083416,-0.6514520049095154,0.7577040195465088,0,0,17.972864151000977,9.999999974752427e-7,1
B51,mixamorig_LeftToe_End,50,1,0,0,0,0,1,0,0,0,0,1,0,0,7.209187030792236,0,1
B52,mixamorig_RightUpLeg,0,-0.9035149812698364,-0.1581670045852661,-0.3982999920845032,0,-0.12147200107574463,-0.796766996383667,0.5919510126113892,0,-0.4109799861907959,0.5832189917564392,0.7006790041923523,0,-9.856062889099121,-4.301853179931641,0.0322440005838871,1
B53,mixamorig_RightLeg,52,0.969639003276825,-0.23744800686836243,-0.058462999761104584,0,0.16857600212097168,0.8222389817237854,-0.5436040163040161,0,0.1771479994058609,0.5172439813613892,0.8373039960861206,0,0,23.987655639648438,0,1
B54,mixamorig_RightFoot,53,0.9818639755249023,0.1760140061378479,-0.07044199854135513,0,-0.02699900045990944,0.4975869953632355,0.8669940233230591,0,0.1876550018787384,-0.8493679761886597,0.4933150112628937,0,0,18.070560455322266,0,1
B55,mixamorig_RightToeBase,54,0.9987620115280151,0,-0.04974000155925751,0,0.03242500126361847,0.7583140134811401,0.6510819792747498,0,0.03771800175309181,-0.6518890261650085,0.7573760151863098,0,0,17.957786560058594,0,1
B56,mixamorig_RightToe_End,55,1,0,0,0,0,1,0,0,0,0,1,0,0,7.282597064971924,0,1
@46,0,1,2,3,4,5,7,8,9,10,11,12,13,15,16,17,19,20,21,23,24,25,27,28,29,30,31,32,33,35,36,37,39,40,41,43,44,45,47,48,49,50,52,53,54,55
K0,0.9992420077323914,-0.00398570392280817,0.038716137409210205,0,-0.0062977042980492115,0.9650770425796509,0.2618918716907501,0,-0.038407862186431885,-0.26193708181381226,0.9643200039863586,0,-0.010201999917626381,56.729042053222656,-5.109479904174805,1,0.9997130632400513,-0.010553873144090176,-0.02152678743004799,0,0.014145126566290855,0.984611988067627,0.17418280243873596,0,0.019357213750481606,-0.17443718016147614,0.9844779372215271,0,0,7.733353137969971,-0.2694129943847656,1,0.999794065952301,0.0006258935900405049,-0.020302457734942436,0,0.0025088933762162924,0.9880660772323608,0.15401096642017365,0,0.02015654370188713,-0.15403001010417938,0.9878600239753723,0,0,9.02772045135498,0,1,0.9998189210891724,0.00009468672215007246,-0.019035035744309425,0,0.0028416865970939398,0.9880399703979492,0.15417496860027313,0,0.0188219603151083,-0.15420101583003998,0.9878600239753723,0,0,10.317388534545898,0,1,0.9999240040779114,-0.006231995299458504,-0.010661152191460133,0,0.004282004665583372,0.9847339987754822,-0.1740129292011261,0,0.011582847684621811,0.1739540845155716,0.984686017036438,0,0,11.60706615447998,0,1,0.9974049925804138,-0.06585866957902908,-0.029093338176608086,0,0.02803131937980652,0.7274059057235718,-0.685634970664978,0,0.06631765514612198,0.6830399632453918,0.7273641228675842,0,0,20.609535217285156,1.2946360111236572,1,0.02001841366291046,0.033153239637613297,-0.999250054359436,0,0.8855780363082886,-0.4644840359687805,0.00233052228577435,0,-0.464058518409729,-0.8849608302116394,-0.03865811601281166,0,4.852853775024414,9.673606872558594,-0.05987999960780144,1,0.8193440437316895,0.5505470633506775,0.1599196493625641,0,-0.5344479084014893,0.632552981376648,0.56057208776474,0,0.20746363699436188,-0.5447700023651123,0.8125171065330505,0,0,10.387492179870605,0,1,-0.3324618935585022,0.9422309994697571,0.04085588455200195,0,-0.942255973815918,-0.3336971700191498,0.02828645147383213,0,0.04028588533401489,-0.02909255214035511,0.9987649321556091,0,0,18.387060165405273,0,1,0.9572080969810486,-0.2873617112636566,-0.034294720739126205,0,0.27653226256370544,0.9431439638137817,-0.18441706895828247,0,0.0853392705321312,0.16704194247722626,0.982249915599823,0,0,23.780500411987305,0,1,0.8821770548820496,0.3749779462814331,-0.2848779261112213,0,-0.26242703199386597,0.8937557935714722,0.363775372505188,0,0.39101898670196533,-0.24615459144115448,0.8868550658226013,0,-2.4566938877105713,1.5556249618530273,1.1841609477996826,1,0.8306088447570801,-0.5564082264900208,-0.022312136366963387,0,0.5514448285102844,0.8163059949874878,0.17190727591514587,0,-0.0774371325969696,-0.15509171783924103,0.9848600625991821,0,0.36904698610305786,2.484477996826172,0,1,0.9578419327735901,0.28646907210350037,0.021757274866104126,0,-0.28693392872810364,0.9576860666275024,0.022518716752529144,0,-0.014385728165507317,-0.027812283486127853,0.9995099902153015,0,-0.7663660049438477,3.5317790508270264,0,1,0.9997419714927673,-0.021015048027038574,-0.00867804978042841,0,0.02249995619058609,0.969342052936554,0.24468404054641724,0,0.0032699499279260635,-0.24481599032878876,0.9695640206336975,0,-3.154033899307251,7.049776077270508,-0.061416998505592346,1,0.9996230006217957,-0.027348875999450684,-0.002582176122814417,0,0.02734612114727497,0.9817559123039246,0.18817020952701569,0,-0.0026111758779734373,-0.18816974759101868,0.9821329712867737,0,-0.0006709999870508909,3.8191540241241455,0,1,0.9998949766159058,-0.014474594034254551,-0.0006836211541667581,0,0.014474406838417053,0.9954180121421814,0.0945180207490921,0,-0.0006876211264170706,-0.09451799094676971,0.9955230355262756,0,0.0011080000549554825,3.4852309226989746,0,1,0.9997810125350952,-0.020421631634235382,-0.004554332699626684,0,0.02091536670923233,0.9694429636001587,0.24442210793495178,0,-0.0005763326189480722,-0.24446389079093933,0.9696580171585083,0,-0.11060699820518494,7.067758083343506,-0.011722000315785408,1,0.99959796667099,-0.028256384655833244,-0.0023362808860838413,0,0.02819061279296875,0.9816990494728088,0.18833991885185242,0,-0.0030282805673778057,-0.1883300542831421,0.9821010231971741,0,0.004902000073343515,3.6007208824157715,0,1,0.9997869729995728,-0.020642481744289398,-0.0008188638021238148,0,0.020627517253160477,0.9953150153160095,0.09446016699075699,0,-0.0011348638217896223,-0.09445685148239136,0.995527982711792,0,0.0072119999676942825,4.105547904968262,0,1,0.9994109869003296,-0.030515220016241074,0.015678413212299347,0,0.02575477585196495,0.969245970249176,0.24474084377288818,0,-0.02266458421945572,-0.24419313669204712,0.969461977481842,0,3.2646400928497314,6.772317886352539,-0.24596600234508514,1,0.9995800256729126,-0.028815673664212227,-0.003181681502610445,0,0.028901325538754463,0.9818609952926636,0.1873859316110611,0,-0.0022756815887987614,-0.18739910423755646,0.9822810292243958,0,-0.012240000069141388,3.547384023666382,0,1,0.9999250173568726,-0.012219930998980999,0.000049001959268935025,0,0.012161068618297577,0.9954859614372253,0.09412632137537003,0,-0.0011989980703219771,-0.09411867707967758,0.9955600500106812,0,0.001446999958716333,3.214266061782837,0,1,-0.08109030872583389,0.008807131089270115,0.9966679811477661,0,-0.9526540637016296,-0.2946847975254059,-0.07490526139736176,0,0.29304319620132446,-0.9555539488792419,0.03228621557354927,0,-4.852853775024414,9.674127578735352,-0.0748170018196106,1,0.8538987040519714,-0.5039123892784119,-0.13011434674263,0,0.4510846436023712,0.5919079780578613,0.6679572463035583,0,-0.25957632064819336,-0.6290608048439026,0.7327370643615723,0,0,10.387492179870605,0,1,-0.394135057926178,-0.9180099964141846,-0.04375853389501572,0,0.9180370569229126,-0.3954911231994629,0.028206035494804382,0,-0.043199531733989716,-0.02905496396124363,0.9986439943313599,0,0,18.38787841796875,0,1,0.9321240782737732,0.3593219220638275,0.045093316584825516,0,-0.3533440828323364,0.9296819567680359,-0.10410793870687485,0,-0.0793306902050972,0.08110804855823517,0.9935430288314819,0,0,23.787641525268555,0,1,0.8721480965614319,-0.43225863575935364,0.2291509509086609,0,0.30527734756469727,0.8468286991119385,0.4355293810367584,0,-0.382313072681427,-0.30989164113998413,0.8705191016197205,0,2.2794830799102783,1.6079219579696655,1.181812047958374,1,0.7222151160240173,0.6852108240127563,0.09429717808961868,0,-0.6907171010971069,0.7073368430137634,0.1502852439880371,0,0.036277178674936295,-0.17367073893547058,0.9841350317001343,0,-0.38479599356651306,2.3928918838500977,0,1,0.921233057975769,-0.3889469802379608,0.006991356611251831,0,0.3888240158557892,0.9211999773979187,0.014364942908287048,0,-0.012027641758322716,-0.010515055619180202,0.9998720288276672,0,0.9621149897575378,3.4698081016540527,0,1,0.9998000860214233,0.01987839676439762,0.002317050937563181,0,-0.01986660249531269,0.9718359708786011,0.23482002317905426,0,0.00241605076007545,-0.2348189651966095,0.9720360040664673,0,3.0093119144439697,6.692640781402588,0.02631399966776371,1,0.9983160495758057,0.056345779448747635,0.013816921040415764,0,-0.05659722164273262,0.8935611844062805,0.4453606605529785,0,0.01274792104959488,-0.445392370223999,0.8952448964118958,0,0.0026920000091195107,3.946221113204956,0,1,0.9997199177742004,0.023494115099310875,0.002885795198380947,0,-0.023530885577201843,0.9731719493865967,0.2288731187582016,0,0.002568795345723629,-0.22887687385082245,0.9734519720077515,0,0.005607000086456537,3.5805089473724365,0,1,0.9998199343681335,0.018563155084848404,0.00399778364226222,0,-0.018982844427227974,0.9718529582023621,0.23482224345207214,0,0.0004737837298307568,-0.2348557710647583,0.9720300436019897,0,0.09402299672365189,7.099377155303955,-0.17900599539279938,1,0.998405933380127,0.05495983734726906,0.012872308492660522,0,-0.05493415519595146,0.8936000466346741,0.44548895955085754,0,0.012981309555470943,-0.4454860985279083,0.8951950669288635,0,-0.0007810000097379088,4.015562057495117,0,1,0.9995890259742737,0.028471970930695534,0.003342909039929509,0,-0.028481028974056244,0.9730299711227417,0.22891493141651154,0,0.0032649089116603136,-0.22891606390476227,0.973440945148468,0,-0.00005500000042957254,3.8316869735717773,0,1,0.9998329877853394,0.018125338479876518,0.0023770679254084826,0,-0.018176663666963577,0.9718679189682007,0.23482400178909302,0,0.001946068019606173,-0.23482798039913177,0.9720349907875061,0,-3.103334903717041,6.505760192871094,0.0067529999651014805,1,0.9983859658241272,0.05540834367275238,0.012495194561779499,0,-0.055168647319078445,0.8936191201210022,0.4454229176044464,0,0.013514195568859577,-0.44539302587509155,0.8952329158782959,0,-0.0036100000143051147,3.5780460834503174,0,1,0.9994459748268127,0.033084020018577576,0.0036979634314775467,0,-0.0330519862473011,0.9728970527648926,0.22886274755001068,0,0.00397396320477128,-0.22885826230049133,0.9734519124031067,0,-0.003918000031262636,3.332789897918701,0,1,-0.9660400152206421,-0.018393367528915405,0.25773826241493225,0,0.17184965312480927,-0.790621280670166,0.5876948237419128,0,0.19296376407146454,0.6120291948318481,0.7669329643249512,0,9.856062889099121,-4.301853179931641,0.0698850005865097,1,0.9868370294570923,0.09159520268440247,0.13328075408935547,0,-0.005049790721386671,0.8411949872970581,-0.5407090187072754,0,-0.16164125502109528,0.5329180359840393,0.830583930015564,0,0,23.987747192382812,0,1,0.9812800288200378,-0.10497529804706573,0.16146200895309448,0,-0.08126229792833328,0.5344033241271973,0.8413138389587402,0,-0.17460298538208008,-0.838685154914856,0.5158687233924866,0,0,18.07269859313965,0,1,0.9987030029296875,-0.00004434652510099113,0.050906166434288025,0,-0.03312934562563896,0.7586898803710938,0.6506092548370361,0,-0.038650836795568466,-0.651451826095581,0.7577042579650879,0,0,17.972864151000977,0,1,-0.9035150408744812,-0.1581670045852661,-0.3983001112937927,0,-0.12147198617458344,-0.7967672944068909,0.5919507145881653,0,-0.4109799265861511,0.5832192301750183,0.7006788849830627,0,-9.856062889099121,-4.301853179931641,0.0322440005838871,1,0.9696390628814697,-0.23744772374629974,-0.05846291780471802,0,0.16857628524303436,0.8222391605377197,-0.5436037182807922,0,0.17714807391166687,0.517244279384613,0.8373037576675415,0,0,23.987655639648438,0,1,0.9818639159202576,0.17601418495178223,-0.07044249773025513,0,-0.026998823508620262,0.4975871741771698,0.8669939041137695,0,0.1876544952392578,-0.8493680357933044,0.4933149814605713,0,0,18.070560455322266,0,1,0.9987620115280151,0,-0.04973972961306572,0,0.03242487460374832,0.7583140730857849,0.6510818600654602,0,0.0377182811498642,-0.6518892049789429,0.757375955581665,0,0,17.957786560058594,0,1
K0.033,0.9992740154266357,-0.0034341353457421064,0.037929993122816086,0,-0.00668414356186986,0.9646540284156799,0.2634338438510895,0,-0.037493996322155,-0.26349616050720215,0.9639309644699097,0,-0.03924526646733284,56.71324157714844,-5.182621955871582,1,0.9997119903564453,-0.009358148090541363,-0.02209891937673092,0,0.013105829246342182,0.9842910170555115,0.17606806755065918,0,0.020104093477129936,-0.17630696296691895,0.9841300249099731,0,0,7.733353137969971,-0.2694129943847656,1,0.9997829794883728,0.001542946556583047,-0.020787041634321213,0,0.0017099293181672692,0.987824022769928,0.1555641144514084,0,0.02077396586537361,-0.15556588768959045,0.9876070022583008,0,0,9.02772045135498,0,1,0.9998090267181396,0.000999061856418848,-0.019511254504323006,0,0.002052044728770852,0.9877970814704895,0.15573181211948395,0,0.019428757950663567,-0.15574222803115845,0.9876070022583008,0,0,10.317388534545898,0,1,0.9999240040779114,-0.006412134971469641,-0.01050568837672472,0,0.004431872628629208,0.9838939905166626,-0.17869608104228973,0,0.01148231141269207,0.17863599956035614,0.983847975730896,0,0,11.60706615447998,0,1,0.9973239898681641,-0.06781058758497238,-0.027332788333296776,0,0.03050445020198822,0.7256942987442017,-0.6873406171798706,0,0.06644420325756073,0.6846673488616943,0.7258206605911255,0,0,20.609535217285156,1.2946360111236572,1,0.02063615620136261,0.033397965133190155,-0.9992289543151855,0,0.884269118309021,-0.4669708013534546,0.0026540574617683887,0,-0.46652206778526306,-0.8836419582366943,-0.03916922211647034,0,4.852853775024414,9.673606872558594,-0.05987999960780144,1,0.8221920728683472,0.5456529259681702,0.16205887496471405,0,-0.5312690138816833,0.6334238052368164,0.5626082420349121,0,0.20433683693408966,-0.5486687421798706,0.8106842041015625,0,0,10.387492179870605,0,1,-0.33674803376197815,0.9407030344009399,0.04098447039723396,0,-0.9407270550727844,-0.3379870355129242,0.028240857645869255,0,0.04041846841573715,-0.029045145958662033,0.9987609386444092,0,0,18.387060165405273,0,1,0.9584919810295105,-0.2839827835559845,-0.02542119100689888,0,0.2752561569213867,0.9448999166488647,-0.1771940141916275,0,0.07434060424566269,0.16284187138080597,0.9838480353355408,0,0,23.780500411987305,0,1,0.8821770548820496,0.3749769330024719,-0.2848787307739258,0,-0.2624259889125824,0.893756091594696,0.3637748062610626,0,0.3910192549228668,-0.24615420401096344,0.8868548274040222,0,-2.4566938877105713,1.5556249618530273,1.1841609477996826,1,0.8306088447570801,-0.5564082264900208,-0.022312136366963387,0,0.5514448285102844,0.8163059949874878,0.17190727591514587,0,-0.0774371325969696,-0.15509171783924103,0.9848600625991821,0,0.36904698610305786,2.484477996826172,0,1,0.9578419327735901,0.28646907210350037,0.02175777405500412,0,-0.286933958530426,0.9576860666275024,0.022518642246723175,0,-0.01438622735440731,-0.027812356129288673,0.9995099902153015,0,-0.7663660049438477,3.5317790508270264,0,1,0.9997410178184509,-0.021014917641878128,-0.008679036982357502,0,0.02250008098781109,0.9693419933319092,0.24468301236629486,0,0.003270962508395314,-0.24481499195098877,0.9695640206336975,0,-3.154033899307251,7.049776077270508,-0.061416998505592346,1,0.9996230006217957,-0.027348827570676804,-0.002582682529464364,0,0.027346171438694,0.9817560315132141,0.18817074596881866,0,-0.002610682277008891,-0.18817025423049927,0.9821329116821289,0,-0.0006709999870508909,3.8191540241241455,0,1,0.9998949766159058,-0.014474092982709408,-0.0006836046231910586,0,0.01447390578687191,0.9954179525375366,0.09451901167631149,0,-0.0006876045954413712,-0.0945189893245697,0.9955229163169861,0,0.0011080000549554825,3.4852309226989746,0,1,0.9997810125350952,-0.020421631634235382,-0.004554332699626684,0,0.02091536670923233,0.9694429636001587,0.24442210793495178,0,-0.0005763326189480722,-0.24446389079093933,0.9696580171585083,0,-0.11060699820518494,7.067758083343506,-0.011722000315785408,1,0.9995980858802795,-0.028256841003894806,-0.0023368285037577152,0,0.028191160410642624,0.9816990494728088,0.18833990395069122,0,-0.0030278281774371862,-0.18833006918430328,0.9821010231971741,0,0.004902000073343515,3.6007208824157715,0,1,0.9997869729995728,-0.020641982555389404,-0.0008188451756723225,0,0.020627016201615334,0.9953150153160095,0.09446065872907639,0,-0.00113484519533813,-0.09445734322071075,0.995527982711792,0,0.0072119999676942825,4.105547904968262,0,1,0.9994110465049744,-0.03051563911139965,0.01567787304520607,0,0.02575535885989666,0.9692469835281372,0.24473997950553894,0,-0.022664126008749008,-0.24419201910495758,0.969461977481842,0,3.2646400928497314,6.772317886352539,-0.24596600234508514,1,0.9995800256729126,-0.02881612628698349,-0.0031822286546230316,0,0.028901873156428337,0.9818610548973083,0.1873859167098999,0,-0.0022752287331968546,-0.18739908933639526,0.982280969619751,0,-0.012240000069141388,3.547384023666382,0,1,0.9999250173568726,-0.012218930758535862,0.000049049129302147776,0,0.012160069309175014,0.9954860210418701,0.09412632137537003,0,-0.0011989509221166372,-0.09411867707967758,0.9955600500106812,0,0.001446999958716333,3.214266061782837,0,1,-0.08262169361114502,0.009589655324816704,0.996535062789917,0,-0.9530360698699951,-0.29311496019363403,-0.07619460672140121,0,0.29136863350868225,-0.9560290575027466,0.03335695341229439,0,-4.852853775024414,9.674127578735352,-0.0748170018196106,1,0.8545490503311157,-0.5019938349723816,-0.13322314620018005,0,0.45056816935539246,0.5889552235603333,0.6709097623825073,0,-0.2583301067352295,-0.6333513855934143,0.7294735908508301,0,0,10.387492179870605,0,1,-0.39466169476509094,-0.9177830815315247,-0.04377534240484238,0,0.9178099036216736,-0.39601826667785645,0.02820005640387535,0,-0.04321734234690666,-0.02904793620109558,0.9986429810523987,0,0,18.38787841796875,0,1,0.9340230822563171,0.3555009365081787,0.03493873402476311,0,-0.3500659763813019,0.9304129481315613,-0.10856126248836517,0,-0.07110107690095901,0.08916785567998886,0.9934759140014648,0,0,23.787641525268555,0,1,0.8721479177474976,-0.4322589635848999,0.22915026545524597,0,0.3052780330181122,0.8468289971351624,0.43553003668785095,0,-0.3823127746582031,-0.3098919987678528,0.8705191016197205,0,2.2794830799102783,1.6079219579696655,1.181812047958374,1,0.7222151160240173,0.6852108240127563,0.09429696947336197,0,-0.6907171010971069,0.707336962223053,0.1502847671508789,0,0.03627697005867958,-0.17367023229599,0.9841349124908447,0,-0.38479599356651306,2.3928918838500977,0,1,0.9212331771850586,-0.3889475464820862,0.006991855334490538,0,0.3888244330883026,0.9211997985839844,0.014365047216415405,0,-0.012028143741190434,-0.010514953173696995,0.9998720288276672,0,0.9621149897575378,3.4698081016540527,0,1,0.9998000860214233,0.019877897575497627,0.002316991565749049,0,-0.019866103306412697,0.9718359708786011,0.23482002317905426,0,0.002415991388261318,-0.2348189651966095,0.9720360040664673,0,3.0093119144439697,6.692640781402588,0.02631399966776371,1,0.9983159303665161,0.05634589493274689,0.01381643582135439,0,-0.05659710615873337,0.8935610055923462,0.44536107778549194,0,0.012748436070978642,-0.445392906665802,0.8952449560165405,0,0.0026920000091195107,3.946221113204956,0,1,0.9997199177742004,0.023494111374020576,0.002885800553485751,0,-0.023530885577201843,0.9731720685958862,0.2288736253976822,0,0.002568800700828433,-0.22887733578681946,0.9734518527984619,0,0.005607000086456537,3.5805089473724365,0,1,0.9998199343681335,0.018563155084848404,0.00399778364226222,0,-0.018982844427227974,0.9718529582023621,0.23482224345207214,0,0.0004737837298307568,-0.2348557710647583,0.9720300436019897,0,0.09402299672365189,7.099377155303955,-0.17900599539279938,1,0.998405933380127,0.054959945380687714,0.012871836312115192,0,-0.054934047162532806,0.8935998678207397,0.44549018144607544,0,0.01298183761537075,-0.4454868733882904,0.8951940536499023,0,-0.0007810000097379088,4.015562057495117,0,1,0.9995890259742737,0.028471913188695908,0.0033434091601520777,0,-0.02848108671605587,0.9730299711227417,0.22891493141651154,0,0.003264408791437745,-0.22891606390476227,0.973440945148468,0,-0.00005500000042957254,3.8316869735717773,0,1,0.9998330473899841,0.018124839290976524,0.002377008553594351,0,-0.018176164478063583,0.9718679189682007,0.2348240166902542,0,0.0019460086477920413,-0.23482799530029297,0.9720349907875061,0,-3.103334903717041,6.505760192871094,0.0067529999651014805,1,0.9983859658241272,0.05540834367275238,0.012495194561779499,0,-0.055168647319078445,0.8936191201210022,0.4454229176044464,0,0.013514195568859577,-0.44539302587509155,0.8952329158782959,0,-0.0036100000143051147,3.5780460834503174,0,1,0.9994459748268127,0.033084020018577576,0.0036979634314775467,0,-0.0330519862473011,0.9728970527648926,0.22886274755001068,0,0.00397396320477128,-0.22885826230049133,0.9734519124031067,0,-0.003918000031262636,3.332789897918701,0,1,-0.9668389558792114,-0.01875166967511177,0.2546968162059784,0,0.17098529636859894,-0.7883209586143494,0.5910278558731079,0,0.18970009684562683,0.6149782538414001,0.7653857469558716,0,9.856062889099121,-4.301853179931641,0.0698850005865097,1,0.9868209362030029,0.09147725254297256,0.1334773451089859,0,-0.004859750624746084,0.8412550091743469,-0.5406160354614258,0,-0.1617426723241806,0.5328429341316223,0.8306131362915039,0,0,23.987747192382812,0,1,0.9809690117835999,-0.10400398075580597,0.16396331787109375,0,-0.08346999436616898,0.5365509986877441,0.8397300243377686,0,-0.17530971765518188,-0.8374339938163757,0.5176580548286438,0,0,18.07269859313965,0,1,0.9987030029296875,-0.00004597593579092063,0.05090898275375366,0,-0.0331299789249897,0.7586890459060669,0.6506099700927734,0,-0.03865401819348335,-0.6514531373977661,0.7577039003372192,0,0,17.972864151000977,0,1,-0.904009997844696,-0.15947791934013367,-0.39665234088897705,0,-0.12112890183925629,-0.7942467927932739,0.5953993797302246,0,-0.4099927246570587,0.5862928032875061,0.6986892819404602,0,-9.856062889099121,-4.301853179931641,0.0322440005838871,1,0.9694849848747253,-0.23822103440761566,-0.05787383019924164,0,0.1692049652338028,0.8210601210594177,-0.5451878905296326,0,0.17739316821098328,0.5187591314315796,0.8363139033317566,0,0,23.987655639648438,0,1,0.9818429350852966,0.17531421780586243,-0.07244493812322617,0,-0.02493375353515148,0.4978671371936798,0.8668949604034424,0,0.1880471110343933,-0.8493490219116211,0.493198961019516,0,0,18.070560455322266,0,1,0.9987620115280151,0,-0.04973921552300453,0,0.0324246883392334,0.7583149075508118,0.6510820984840393,0,0.0377177856862545,-0.6518889665603638,0.7573761940002441,0,0,17.957786560058594,0,1
