0.933,30,28,57
B0,mixamorig_Hips,-1,0.9935230016708374,0.09304899722337723,-0.06522800028324127,0,-0.09294299781322479,0.9956610202789307,0.004660999868065119,0,0.06537900120019913,0.0014319999609142542,0.997859001159668,0,-0.17614300549030304,56.56635665893555,-0.028006000444293022,1
B1,mixamorig_Spine,0,0.9983879923820496,0.020934000611305237,-0.05274999886751175,0,-0.013327999971807003,0.9899740219116211,0.14061899483203888,0,0.05516500025987625,-0.13968999683856964,0.9886569976806641,0,0,7.733353137969971,-0.2694129943847656,1
B2,mixamorig_Spine1,1,0.9998170137405396,-0.015901999548077583,-0.010622999630868435,0,0.016087999567389488,0.9997140169143677,0.017678000032901764,0,0.010339000262320042,-0.017844999209046364,0.9997869729995728,0,0,9.02772045135498,0,1
B3,mixamorig_Spine2,2,0.9998199939727783,-0.015946000814437866,-0.01027899980545044,0,0.01612900011241436,0.9997090101242065,0.01795000024139881,0,0.009988999925553799,-0.018113000318408012,0.9997860193252563,0,0,10.317388534545898,0,1
B4,mixamorig_Neck,3,0.9995549917221069,-0.021849999204277992,0.020320000126957893,0,0.02211100049316883,0.9996749758720398,-0.012702000327408314,0,-0.0200360007584095,0.013144999742507935,0.9997130036354065,0,0,11.60706615447998,0,1
B5,mixamorig_Head,4,0.9924899935722351,-0.04370199888944626,0.1142520010471344,0,0.0841749981045723,0.9216989874839783,-0.37866199016571045,0,-0.08875799924135208,0.3854359984397888,0.9184560179710388,0,0,20.609535217285156,1.2946360111236572,1
B6,mixamorig_HeadTop_End,5,1,0,0,0,0,1,0,0,0,0,1,0,0,40.26049041748047,2.5290560722351074,1
B7,mixamorig_LeftShoulder,3,-0.13658100366592407,-0.007825000211596489,-0.9905980229377747,0,0.9057379961013794,-0.40599900484085083,-0.12167400121688843,0,-0.40122899413108826,-0.9138399958610535,0.0625389963388443,0,4.852853775024414,9.673606872558594,-0.05987999960780144,1
B8,mixamorig_LeftArm,7,0.7690280079841614,0.3083910048007965,0.559902012348175,0,-0.6147770285606384,0.5967190265655518,0.5157290101051331,0,-0.1750580072402954,-0.7408249974250793,0.6484860181808472,0,0,10.387492179870605,0,1
B9,mixamorig_LeftForeArm,8,-0.3387160003185272,0.9399930238723755,0.0410429984331131,0,-0.9400169849395752,-0.33995699882507324,0.02821899950504303,0,0.04047900065779686,-0.029022999107837677,0.9987589716911316,0,0,18.387060165405273,0,1
B10,mixamorig_LeftHand,9,0.9571939706802368,0.16054600477218628,-0.24084000289440155,0,-0.1663150042295456,0.9860659837722778,-0.00368200009688735,0,0.23689299821853638,0.04357999935746193,0.9705579876899719,0,0,23.780500411987305,0,1
B11,mixamorig_LeftHandThumb1,10,0.44147399067878723,0.8808630108833313,-0.17082199454307556,0,-0.7674559950828552,0.4693309962749481,0.4367380142211914,0,0.46487900614738464,-0.06171000003814697,0.8832209706306458,0,-2.4566938877105713,1.5556249618530273,1.1841609477996826,1
B12,mixamorig_LeftHandThumb2,11,0.6918799877166748,-0.7207199931144714,0.04317900165915489,0,0.7104359865188599,0.6902340054512024,0.13731999695301056,0,-0.12877300381660461,-0.0643329992890358,0.9895849823951721,0,0.36904698610305786,2.484477996826172,0,1
B13,mixamorig_LeftHandThumb3,12,0.9813809990882874,0.18477700650691986,0.05242900177836418,0,-0.18466800451278687,0.9827759861946106,-0.006965000182390213,0,-0.05281300097703934,-0.0028460000175982714,0.9986000061035156,0,-0.7663660049438477,3.5317790508270264,0,1
B14,mixamorig_LeftHandThumb4,13,1,0,0,0,0,1,0,0,0,0,1,0,0.3973189890384674,2.4696879386901855,0,1
B15,mixamorig_LeftHandIndex1,10,0.999330997467041,0.03613299876451492,-0.00559200020506978,0,-0.03656100109219551,0.9892860054969788,-0.14133700728416443,0,0.0004250000056345016,0.14144699275493622,0.9899460077285767,0,-3.154033899307251,7.049776077270508,-0.061416998505592346,1
B16,mixamorig_LeftHandIndex2,15,0.9973400235176086,-0.07061800360679626,-0.018063999712467194,0,0.0706000030040741,0.8742190003395081,0.48037201166152954,0,-0.01813100092113018,-0.4803699851036072,0.8768789768218994,0,-0.0006709999870508909,3.8191540241241455,0,1
B17,mixamorig_LeftHandIndex3,16,0.999297022819519,-0.03719500079751015,-0.004676000215113163,0,0.03719199821352959,0.9680160284042358,0.24811500310897827,0,-0.004701999947428703,-0.24811400473117828,0.9687190055847168,0,0.0011080000549554825,3.4852309226989746,0,1
B18,mixamorig_LeftHandIndex4,17,1,0,0,0,0,1,0,0,0,0,1,0,-0.00043700000969693065,2.2883119583129883,0,1
B19,mixamorig_LeftHandMiddle1,10,0.9992660284042358,0.038245998322963715,-0.0020020001102238894,0,-0.03814399987459183,0.989188015460968,-0.14160899817943573,0,-0.0034360000863671303,0.1415809988975525,0.989920973777771,0,-0.11060699820518494,7.067758083343506,-0.011722000315785408,1
B20,mixamorig_LeftHandMiddle2,19,0.9971870183944702,-0.07281199842691422,-0.017812000587582588,0,0.07240399718284607,0.8740749955177307,0.48036500811576843,0,-0.0194070003926754,-0.48030298948287964,0.8768879771232605,0,0.004902000073343515,3.6007208824157715,0,1
B21,mixamorig_LeftHandMiddle3,20,0.9990209937095642,-0.043887000530958176,-0.005590000189840794,0,0.04390199854969978,0.9677780270576477,0.24794700741767883,0,-0.0054720002226531506,-0.2479500025510788,0.9687569737434387,0,0.0072119999676942825,4.105547904968262,0,1
B22,mixamorig_LeftHandMiddle4,21,1,0,0,0,0,1,0,0,0,0,1,0,-0.01211399957537651,2.671945095062256,0,1
B23,mixamorig_LeftHandRing1,10,0.9991199970245361,0.03656800091266632,0.020548999309539795,0,-0.03330700099468231,0.9894109964370728,-0.14126600325107574,0,-0.02549700066447258,0.14045800268650055,0.9897580146789551,0,3.2646400928497314,6.772317886352539,-0.24596600234508514,1
B24,mixamorig_LeftHandRing2,23,0.9965980052947998,-0.07962200045585632,-0.021259000524878502,0,0.08007100224494934,0.8744999766349792,0.4783700108528137,0,-0.019497999921441078,-0.47844499349594116,0.877901017665863,0,-0.012240000069141388,3.547384023666382,0,1
B25,mixamorig_LeftHandRing3,24,0.9992280006408691,-0.03908199816942215,-0.0038799999747425318,0,0.03882899880409241,0.968209981918335,0.24710699915885925,0,-0.0059009999968111515,-0.24706700444221497,0.9689810276031494,0,0.001446999958716333,3.214266061782837,0,1
B26,mixamorig_LeftHandRing4,25,1,0,0,0,0,1,0,0,0,0,1,0,0.01079300045967102,2.30315899848938,0,1
B27,mixamorig_RightShoulder,3,-0.12042800337076187,-0.0003319999959785491,0.9927219748497009,0,-0.8906069993972778,-0.4417180120944977,-0.10818800330162048,0,0.4385389983654022,-0.8971539735794067,0.05289899930357933,0,-4.852853775024414,9.674127578735352,-0.0748170018196106,1
B28,mixamorig_RightArm,27,0.7868689894676208,-0.3350610136985779,-0.5182390213012695,0,0.5642859935760498,0.7306249737739563,0.38440701365470886,0,0.24983899295330048,-0.5949119925498962,0.763975977897644,0,0,10.387492179870605,0,1
B29,mixamorig_RightForeArm,28,-0.3581179976463318,-0.9327020049095154,-0.04265199974179268,0,0.9327279925346375,-0.3594389855861664,0.028658000752329826,0,-0.0420599989593029,-0.029519999399781227,0.998678982257843,0,0,18.38787841796875,0,1
B30,mixamorig_RightHand,29,0.8425289988517761,-0.23595400154590607,0.4842210114002228,0,0.3150489926338196,0.9450160264968872,-0.08768299967050552,0,-0.4369080066680908,0.22642900049686432,0.870540976524353,0,0,23.787641525268555,0,1
B31,mixamorig_RightHandThumb1,30,0.6283040046691895,-0.7762590050697327,0.05153200030326843,0,0.637628972530365,0.55178302526474,0.5375549793243408,0,-0.4457170069217682,-0.3048900067806244,0.8416529893875122,0,2.2794830799102783,1.6079219579696655,1.181812047958374,1
B32,mixamorig_RightHandThumb2,31,0.596340000629425,0.7969930171966553,-0.09581699967384338,0,-0.7994229793548584,0.5788080096244812,-0.1609479933977127,0,-0.07281500101089478,0.17257800698280334,0.9823009967803955,0,-0.38479599356651306,2.3928918838500977,0,1
B33,mixamorig_RightHandThumb3,32,0.9524639844894409,-0.3042509853839874,0.015616999939084053,0,0.30257800221443176,0.9387630224227905,-0.16483399271965027,0,0.0354899987578392,0.1617240011692047,0.9861980080604553,0,0.9621149897575378,3.4698081016540527,0,1
B34,mixamorig_RightHandThumb4,33,1,0,0,0,0,1,0,0,0,0,1,0,-0.5773199796676636,2.511997938156128,0,1
B35,mixamorig_RightHandIndex1,30,0.9997810125350952,-0.02092600055038929,-0.0008709999965503812,0,0.020757000893354416,0.9955490231513977,-0.0919329971075058,0,0.0027910000644624233,0.09189499914646149,0.995764970779419,0,3.0093119144439697,6.692640781402588,0.02631399966776371,1
B36,mixamorig_RightHandIndex2,35,0.9978259801864624,0.06346400082111359,0.01777699962258339,0,-0.06378799676895142,0.8620820045471191,0.5027390122413635,0,0.016580000519752502,-0.502780020236969,0.8642560243606567,0,0.0026920000091195107,3.946221113204956,0,1
B37,mixamorig_RightHandIndex3,36,0.9996160268783569,0.02746500074863434,0.0037690000608563423,0,-0.02749899961054325,0.965071976184845,0.2605380117893219,0,0.0035180000122636557,-0.26054200530052185,0.9654560089111328,0,0.005607000086456537,3.5805089473724365,0,1
B38,mixamorig_RightHandIndex4,37,1,0,0,0,0,1,0,0,0,0,1,0,-0.00829899962991476,2.3481459617614746,0,1
B39,mixamorig_RightHandMiddle1,30,0.9997649788856506,-0.021626999601721764,0.0011439999798312783,0,0.021640999242663383,0.9955300092697144,-0.09193400293588638,0,0.0008490000036545098,0.09193699806928635,0.9957640171051025,0,0.09402299672365189,7.099377155303955,-0.17900599539279938,1
B40,mixamorig_RightHandMiddle2,39,0.9979360103607178,0.06201900169253349,0.016683999449014664,0,-0.06198599934577942,0.8621259927749634,0.502888023853302,0,0.016805000603199005,-0.5028839707374573,0.8641909956932068,0,-0.0007810000097379088,4.015562057495117,0,1
B41,mixamorig_RightHandMiddle3,40,0.9994670152664185,0.032363999634981155,0.004335999954491854,0,-0.03237500041723251,0.9649080038070679,0.2605830132961273,0,0.0042489999905228615,-0.2605850100517273,0.9654420018196106,0,-0.00005500000042957254,3.8316869735717773,0,1
B42,mixamorig_RightHandMiddle4,41,1,0,0,0,0,1,0,0,0,0,1,0,0.0008370000286959112,2.6251959800720215,0,1
B43,mixamorig_RightHandRing1,30,0.9997450113296509,-0.022564999759197235,-0.0002469999890308827,0,0.022446999326348305,0.9955120086669922,-0.09193500131368637,0,0.002320999978110194,0.09190600365400314,0.995764970779419,0,-3.103334903717041,6.505760192871094,0.0067529999651014805,1
B44,mixamorig_RightHandRing2,43,0.9979069828987122,0.06258899718523026,0.016287000849843025,0,-0.06227999925613403,0.8621469736099243,0.5028150081634521,0,0.01742899976670742,-0.5027769804000854,0.8642410039901733,0,-0.0036100000143051147,3.5780460834503174,0,1
B45,mixamorig_RightHandRing3,44,0.9993029832839966,0.037011001259088516,0.0048050000332295895,0,-0.036984000355005264,0.9647589921951294,0.2605220079421997,0,0.005005999933928251,-0.26051801443099976,0.9654560089111328,0,-0.003918000031262636,3.332789897918701,0,1
B46,mixamorig_RightHandRing4,45,1,0,0,0,0,1,0,0,0,0,1,0,0.007528000045567751,2.1914000511169434,0,1
B47,mixamorig_LeftUpLeg,0,-0.9081810116767883,-0.10605199635028839,0.4049209952354431,0,0.3188599944114685,-0.8019940257072449,0.5051079988479614,0,0.2711760103702545,0.5878419876098633,0.7621709704399109,0,9.856062889099121,-4.301853179931641,0.0698850005865097,1
B48,mixamorig_LeftLeg,47,0.9882709980010986,-0.09573099762201309,0.11897899955511093,0,0.13384699821472168,0.1678989976644516,-0.9766749739646912,0,0.07352200150489807,0.9811450242996216,0.17874300479888916,0,0,23.987747192382812,0,1
B49,mixamorig_LeftFoot,48,0.9934719800949097,-0.11102999746799469,0.026195000857114792,0,-0.00784400012344122,0.1625950038433075,0.986661970615387,0,-0.11380799859762192,-0.980426013469696,0.1606619954109192,0,0,18.07269859313965,0,1
B50,mixamorig_LeftToeBase,49,0.9987040162086487,-0.00006500000017695129,0.05089300125837326,0,-0.03313799947500229,0.7581350207328796,0.6512550115585327,0,-0.03862600028514862,-0.6520969867706299,0.7571510076522827,0,0,17.972864151000977,9.999999974752427e-7,1
B51,mixamorig_LeftToe_End,50,1,0,0,0,0,1,0,0,0,0,1,0,0,7.209187030792236,0,1
B52,mixamorig_RightUpLeg,0,-0.9329310059547424,0.24556000530719757,-0.2633270025253296,0,-0.31976601481437683,-0.901229977607727,0.2924630045890808,0,-0.16550099849700928,0.3570510149002075,0.9193059802055359,0,-9.856062889099121,-4.301853179931641,0.0322440005838871,1
B53,mixamorig_RightLeg,52,0.998291015625,-0.04976800084114075,-0.03064499981701374,0,0.016493000090122223,0.7428969740867615,-0.6692020297050476,0,0.056070998311042786,0.6675530076026917,0.7424479722976685,0,0,23.987655639648438,0,1
B54,mixamorig_RightFoot,53,0.9782480001449585,0.20560799539089203,-0.027490999549627304,0,-0.042791999876499176,0.32969900965690613,0.9431160092353821,0,0.20297600328922272,-0.9214249849319458,0.3313260078430176,0,0,18.070560455322266,0,1
B55,mixamorig_RightToeBase,54,0.998760998249054,0.000052999999752501026,-0.04977099969983101,0,0.03243299946188927,0.7578349709510803,0.651639997959137,0,0.03775300085544586,-0.6524459719657898,0.7568939924240112,0,0,17.957786560058594,0,1
B56,mixamorig_RightToe_End,55,1,0,0,0,0,1,0,0,0,0,1,0,0,7.282597064971924,0,1
@46,0,1,2,3,4,5,7,8,9,10,11,12,13,15,16,17,19,20,21,23,24,25,27,28,29,30,31,32,33,35,36,37,39,40,41,43,44,45,47,48,49,50,52,53,54,55
K0,0.9935230016708374,0.09304887056350708,-0.06522820889949799,0,-0.09294310957193375,0.9956610202789307,0.004660849925130606,0,0.06537879258394241,0.0014318499015644193,0.997859001159668,0,-0.17614300549030304,56.56635665893555,-0.028006000444293022,1,0.9983879923820496,0.02093404158949852,-0.05275007337331772,0,-0.01332795899361372,0.9899739623069763,0.14061936736106873,0,0.05516492575407028,-0.1396896243095398,0.9886570572853088,0,0,7.733353137969971,-0.2694129943847656,1,0.9998170137405396,-0.015901904553174973,-0.01062307320535183,0,0.01608809269964695,0.9997140169143677,0.017677664756774902,0,0.010338926687836647,-0.017845336347818375,0.9997869729995728,0,0,9.02772045135498,0,1,0.9998199939727783,-0.015946118161082268,-0.010278615169227123,0,0.01612888276576996,0.9997090101242065,0.01795022562146187,0,0.00998938549309969,-0.018112773075699806,0.9997860193252563,0,0,10.317388534545898,0,1,0.9995549917221069,-0.02185008116066456,0.020320070907473564,0,0.022110916674137115,0.9996749758720398,-0.012701679952442646,0,-0.02003592625260353,0.013145319186151028,0.9997129440307617,0,0,11.60706615447998,0,1,0.9924899935722351,-0.0437018983066082,0.11425213515758514,0,0.08417511731386185,0.9216989278793335,-0.3786621689796448,0,-0.08875786513090134,0.3854358196258545,0.9184560775756836,0,0,20.609535217285156,1.2946360111236572,1,-0.13658133149147034,-0.00782485119998455,-0.9905979633331299,0,0.9057380557060242,-0.4059986174106598,-0.12167402356863022,0,-0.40122902393341064,-0.9138399958610535,0.06253905594348907,0,4.852853775024414,9.673606872558594,-0.05987999960780144,1,0.7690280079841614,0.30839115381240845,0.5599019527435303,0,-0.6147768497467041,0.5967192649841309,0.5157289505004883,0,-0.17505809664726257,-0.7408251166343689,0.6484858393669128,0,0,10.387492179870605,0,1,-0.3387160897254944,0.9399929642677307,0.041042834520339966,0,-0.9400169253349304,-0.3399569094181061,0.028219373896718025,0,0.040478840470314026,-0.02902262657880783,0.9987590312957764,0,0,18.387060165405273,0,1,0.957193911075592,0.1605459749698639,-0.24083995819091797,0,-0.16631503403186798,0.9860660433769226,-0.003682148875668645,0,0.23689302802085876,0.04357984662055969,0.9705579280853271,0,0,23.780500411987305,0,1,0.4414738118648529,0.8808630704879761,-0.17082226276397705,0,-0.7674559950828552,0.4693309962749481,0.43673813343048096,0,0.46487873792648315,-0.061709895730018616,0.8832210898399353,0,-2.4566938877105713,1.5556249618530273,1.1841609477996826,1,0.6918798685073853,-0.720720112323761,0.04317903146147728,0,0.7104358673095703,0.6902340650558472,0.13731996715068817,0,-0.12877295911312103,-0.06433301419019699,0.9895849823951721,0,0.36904698610305786,2.484477996826172,0,1,0.9813809394836426,0.18477723002433777,0.05242900177836418,0,-0.18466776609420776,0.9827759861946106,-0.006965317763388157,0,-0.05281299352645874,-0.0028463175985962152,0.9986000061035156,0,-0.7663660049438477,3.5317790508270264,0,1,0.999330997467041,0.036133166402578354,-0.005591932218521833,0,-0.03656083717942238,0.9892860054969788,-0.14133699238300323,0,0.0004250680503901094,0.14144699275493622,0.9899460077285767,0,-3.154033899307251,7.049776077270508,-0.061416998505592346,1,0.9973400235176086,-0.07061757892370224,-0.01806391216814518,0,0.07060042023658752,0.8742188215255737,0.48037222027778625,0,-0.018130913376808167,-0.4803697466850281,0.8768790364265442,0,-0.0006709999870508909,3.8191540241241455,0,1,0.999297022819519,-0.03719514235854149,-0.004676112439483404,0,0.03719185292720795,0.9680160880088806,0.24811473488807678,0,-0.0047021121717989445,-0.2481142282485962,0.968718945980072,0,0.0011080000549554825,3.4852309226989746,0,1,0.9992660284042358,0.038246020674705505,-0.002001808024942875,0,-0.03814397752285004,0.989188015460968,-0.14160878956317902,0,-0.003435808001086116,0.1415812075138092,0.9899209141731262,0,-0.11060699820518494,7.067758083343506,-0.011722000315785408,1,0.9971869587898254,-0.07281240820884705,-0.01781226508319378,0,0.07240357995033264,0.8740751147270203,0.4803648889064789,0,-0.01940726488828659,-0.4803031086921692,0.876887857913971,0,0.004902000073343515,3.6007208824157715,0,1,0.9990209937095642,-0.043887071311473846,-0.005589895881712437,0,0.043901920318603516,0.9677779674530029,0.24794718623161316,0,-0.005471896380186081,-0.2479497790336609,0.9687569737434387,0,0.0072119999676942825,4.105547904968262,0,1,0.9991199970245361,0.03656788915395737,0.02054889313876629,0,-0.033307112753391266,0.989410936832428,-0.14126639068126678,0,-0.025497110560536385,0.1404576301574707,0.9897580742835999,0,3.2646400928497314,6.772317886352539,-0.24596600234508514,1,0.9965980052947998,-0.07962177693843842,-0.021258829161524773,0,0.08007122576236725,0.874500036239624,0.47836992144584656,0,-0.01949782855808735,-0.4784450829029083,0.877901017665863,0,-0.012240000069141388,3.547384023666382,0,1,0.9992280006408691,-0.03908234462141991,-0.0038799333851784468,0,0.03882865607738495,0.9682100415229797,0.24710695445537567,0,-0.005900933872908354,-0.24706706404685974,0.9689810276031494,0,0.001446999958716333,3.214266061782837,0,1,-0.12042784690856934,-0.0003321202821098268,0.9927220344543457,0,-0.8906071186065674,-0.4417179822921753,-0.10818794369697571,0,0.4385389983654022,-0.8971540331840515,0.05289926379919052,0,-4.852853775024414,9.674127578735352,-0.0748170018196106,1,0.7868687510490417,-0.3350612223148346,-0.5182392597198486,0,0.5642857551574707,0.7306252121925354,0.38440677523612976,0,0.2498386949300766,-0.5949122309684753,0.7639758586883545,0,0,10.387492179870605,0,1,-0.3581182658672333,-0.9327020049095154,-0.042652249336242676,0,0.932728111743927,-0.35943883657455444,0.028657998889684677,0,-0.0420602485537529,-0.029520004987716675,0.998678982257843,0,0,18.38787841796875,0,1,0.8425289988517761,-0.23595380783081055,0.48422113060951233,0,0.3150491714477539,0.9450159668922424,-0.08768294751644135,0,-0.43690788745880127,0.2264290452003479,0.8705410361289978,0,0,23.787641525268555,0,1,0.6283040642738342,-0.7762589454650879,0.05153218284249306,0,0.6376290321350098,0.5517827868461609,0.5375550985336304,0,-0.44571682810783386,-0.30488985776901245,0.8416531682014465,0,2.2794830799102783,1.6079219579696655,1.181812047958374,1,0.5963398218154907,0.7969932556152344,-0.09581690281629562,0,-0.7994228601455688,0.5788081288337708,-0.1609480381011963,0,-0.07281489670276642,0.17257796227931976,0.9823010563850403,0,-0.38479599356651306,2.3928918838500977,0,1,0.9524638652801514,-0.30425137281417847,0.015617173165082932,0,0.3025776147842407,0.9387631416320801,-0.16483405232429504,0,0.03549017384648323,0.16172394156455994,0.9861980080604553,0,0.9621149897575378,3.4698081016540527,0,1,0.9997810125350952,-0.020925836637616158,-0.0008710502879694104,0,0.020757164806127548,0.9955490827560425,-0.09193313121795654,0,0.0027909495402127504,0.09189486503601074,0.9957649111747742,0,3.0093119144439697,6.692640781402588,0.02631399966776371,1,0.9978259801864624,0.06346439570188522,0.017777426168322563,0,-0.06378759443759918,0.8620819449424744,0.5027390122413635,0,0.016580427065491676,-0.502780020236969,0.8642560839653015,0,0.0026920000091195107,3.946221113204956,0,1,0.9996160268783569,0.02746536396443844,0.0037692144978791475,0,-0.02749863639473915,0.965071976184845,0.2605382800102234,0,0.0035182142164558172,-0.26054173707962036,0.9654560685157776,0,0.005607000086456537,3.5805089473724365,0,1,0.9997649788856506,-0.02162719890475273,0.0011441938113421202,0,0.021640801802277565,0.9955300688743591,-0.09193392843008041,0,0.0008491938933730125,0.09193708002567291,0.9957640171051025,0,0.09402299672365189,7.099377155303955,-0.17900599539279938,1,0.9979360103607178,0.06201885640621185,0.016683902591466904,0,-0.06198614463210106,0.8621260523796082,0.5028879046440125,0,0.016804903745651245,-0.5028840899467468,0.8641908764839172,0,-0.0007810000097379088,4.015562057495117,0,1,0.9994670152664185,0.03236374258995056,0.004336309153586626,0,-0.03237525746226311,0.9649078845977783,0.26058319211006165,0,0.004249309655278921,-0.26058486104011536,0.9654421210289001,0,-0.00005500000042957254,3.8316869735717773,0,1,0.9997450113296509,-0.022565141320228577,-0.00024729158030822873,0,0.022446857765316963,0.9955119490623474,-0.09193498641252518,0,0.0023207084741443396,0.09190602600574493,0.995764970779419,0,-3.103334903717041,6.505760192871094,0.0067529999651014805,1,0.9979069828987122,0.06258869916200638,0.01628686673939228,0,-0.06228028982877731,0.8621470332145691,0.5028148889541626,0,0.017428863793611526,-0.502777099609375,0.8642409443855286,0,-0.0036100000143051147,3.5780460834503174,0,1,0.9993030428886414,0.03701082617044449,0.004805236589163542,0,-0.03698417544364929,0.9647589921951294,0.26052185893058777,0,0.005006236489862204,-0.2605181634426117,0.965455949306488,0,-0.003918000031262636,3.332789897918701,0,1,-0.9081810116767883,-0.10605239868164062,0.4049209654331207,0,0.31885960698127747,-0.801994264125824,0.505108118057251,0,0.2711760699748993,0.5878419876098633,0.7621709704399109,0,9.856062889099121,-4.301853179931641,0.0698850005865097,1,0.9882709980010986,-0.0957312136888504,0.11897889524698257,0,0.13384677469730377,0.167899027466774,-0.9766749143600464,0,0.07352188229560852,0.981144905090332,0.1787431389093399,0,0,23.987747192382812,0,1,0.9934720396995544,-0.11102989315986633,0.026194943115115166,0,-0.00784388929605484,0.16259467601776123,0.9866620302200317,0,-0.1138080582022667,-0.980426013469696,0.16066226363182068,0,0,18.07269859313965,0,1,0.9987040162086487,-0.00006496388232335448,0.050892945379018784,0,-0.033137962222099304,0.7581352591514587,0.6512546539306641,0,-0.0386260561645031,-0.652097225189209,0.7571507096290588,0,0,17.972864151000977,0,1,-0.9329309463500977,0.24556006491184235,-0.26332715153694153,0,-0.31976601481437683,-0.901229977607727,0.2924632728099823,0,-0.16550083458423615,0.35705074667930603,0.9193060994148254,0,-9.856062889099121,-4.301853179931641,0.0322440005838871,1,0.998291015625,-0.04976802319288254,-0.030645037069916725,0,0.016492975875735283,0.7428969144821167,-0.6692020893096924,0,0.0560709610581398,0.6675529479980469,0.7424480319023132,0,0,23.987655639648438,0,1,0.9782480001449585,0.2056078165769577,-0.027491148561239243,0,-0.042792171239852905,0.3296990692615509,0.9431160092353821,0,0.20297585427761078,-0.9214251041412354,0.331325888633728,0,0,18.070560455322266,0,1,0.998760998249054,0.000052946263167541474,-0.049771178513765335,0,0.03243294358253479,0.7578351497650146,0.6516398191452026,0,0.037752822041511536,-0.6524460911750793,0.7568938732147217,0,0,17.957786560058594,0,1
K0.033,0.993261992931366,0.09221391379833221,-0.0701957643032074,0,-0.0910307988524437,0.995650053024292,0.019878046587109566,0,0.07172339409589767,-0.013354121707379818,0.9973349571228027,0,-0.33955901861190796,57.195011138916016,-0.0437668040394783,1,0.9961050152778625,0.03328234702348709,-0.08165539056062698,0,-0.022525086998939514,0.9913510084152222,0.129288911819458,0,0.08525215834379196,-0.12694598734378815,0.9882389903068542,0,0,7.733353137969971,-0.2694129943847656,1,0.9995620846748352,-0.02443275973200798,-0.01672183722257614,0,0.024761365726590157,0.9994990825653076,0.0197348203510046,0,0.016231263056397438,-0.020140204578638077,0.9996649622917175,0,0,9.02772045135498,0,1,0.9995689392089844,-0.024500004947185516,-0.016190581023693085,0,0.024825120344758034,0.9994879364967346,0.0201944038271904,0,0.015687521547079086,-0.020587624981999397,0.9996649622917175,0,0,10.317388534545898,0,1,0.9993500113487244,-0.023190662264823914,0.027599934488534927,0,0.023667434230446815,0.9995740056037903,-0.017074964940547943,0,-0.027192192152142525,0.017717083916068077,0.999472975730896,0,0,11.60706615447998,0,1,0.9878369569778442,-0.040092501789331436,0.15023347735404968,0,0.09421258419752121,0.9229669570922852,-0.37316998839378357,0,-0.12369919568300247,0.3827849328517914,0.9155179858207703,0,0,20.609535217285156,1.2946360111236572,1,-0.1311149001121521,-0.008231936022639275,-0.9913330674171448,0,0.9115691184997559,-0.3940609097480774,-0.11729292571544647,0,-0.389679878950119,-0.9190471172332764,0.05917111784219742,0,4.852853775024414,9.673606872558594,-0.05987999960780144,1,0.7722539901733398,0.29891908168792725,0.5605989694595337,0,-0.6098009347915649,0.5963067412376404,0.5220732688903809,0,-0.17823123931884766,-0.745026707649231,0.6427811980247498,0,0,10.387492179870605,0,1,-0.31670859456062317,0.9476631879806519,0.04038289189338684,0,-0.9476879835128784,-0.317929208278656,0.02845000848174095,0,0.03979989141225815,-0.029259994626045227,0.9987789988517761,0,0,18.387060165405273,0,1,0.9511579871177673,0.1719692349433899,-0.2563677132129669,0,-0.18279702961444855,0.9829699397087097,-0.018833402544260025,0,0.24876320362091064,0.06477685272693634,0.966395914554596,0,0,23.780500411987305,0,1,0.4414738118648529,0.8808630704879761,-0.17082226276397705,0,-0.7674559950828552,0.4693309962749481,0.43673813343048096,0,0.46487873792648315,-0.061709895730018616,0.8832210898399353,0,-2.4566938877105713,1.5556249618530273,1.1841609477996826,1,0.6918798685073853,-0.720720112323761,0.04317861422896385,0,0.7104358673095703,0.6902341246604919,0.13732098042964935,0,-0.12877339124679565,-0.06433401256799698,0.9895849227905273,0,0.36904698610305786,2.484477996826172,0,1,0.9813809394836426,0.18477723002433777,0.05242900177836418,0,-0.18466776609420776,0.9827759861946106,-0.006965317763388157,0,-0.05281299352645874,-0.0028463175985962152,0.9986000061035156,0,-0.7663660049438477,3.5317790508270264,0,1,0.999330997467041,0.036133166402578354,-0.005591932218521833,0,-0.03656083717942238,0.9892860054969788,-0.14133699238300323,0,0.0004250680503901094,0.14144699275493622,0.9899460077285767,0,-3.154033899307251,7.049776077270508,-0.061416998505592346,1,0.9973400235176086,-0.07061708718538284,-0.018063785508275032,0,0.07059992104768753,0.8742188215255737,0.48037227988243103,0,-0.01813078485429287,-0.48036980628967285,0.8768790364265442,0,-0.0006709999870508909,3.8191540241241455,0,1,0.999297022819519,-0.037195123732089996,-0.004676107782870531,0,0.03719187155365944,0.968017041683197,0.24811486899852753,0,-0.004702107515186071,-0.24811413884162903,0.968718945980072,0,0.0011080000549554825,3.4852309226989746,0,1,0.9992660284042358,0.038246020674705505,-0.002001808024942875,0,-0.03814397752285004,0.989188015460968,-0.14160878956317902,0,-0.003435808001086116,0.1415812075138092,0.9899209141731262,0,-0.11060699820518494,7.067758083343506,-0.011722000315785408,1,0.9971869587898254,-0.0728120431303978,-0.017811637371778488,0,0.0724029466509819,0.8740750551223755,0.4803648889064789,0,-0.019407639279961586,-0.4803031384944916,0.8768879771232605,0,0.004902000073343515,3.6007208824157715,0,1,0.9990209341049194,-0.04388757050037384,-0.0055899592116475105,0,0.04390241950750351,0.9677779674530029,0.24794720113277435,0,-0.005471959710121155,-0.24794979393482208,0.9687569737434387,0,0.0072119999676942825,4.105547904968262,0,1,0.9991199970245361,0.036567892879247665,0.020548883825540543,0,-0.03330710902810097,0.9894110560417175,-0.14126688241958618,0,-0.02549711801111698,0.1404581069946289,0.9897580146789551,0,3.2646400928497314,6.772317886352539,-0.24596600234508514,1,0.9965980052947998,-0.07962177693843842,-0.021258829161524773,0,0.08007122576236725,0.874500036239624,0.47836992144584656,0,-0.01949782855808735,-0.4784450829029083,0.877901017665863,0,-0.012240000069141388,3.547384023666382,0,1,0.9992280006408691,-0.0390828512609005,-0.003879996482282877,0,0.03882915526628494,0.9682100415229797,0.24710692465305328,0,-0.00590099673718214,-0.24706703424453735,0.9689810276031494,0,0.001446999958716333,3.214266061782837,0,1,-0.1286468654870987,-0.00005511216659215279,0.9916900396347046,0,-0.886137068271637,-0.44893407821655273,-0.11497890949249268,0,0.4452098309993744,-0.8935651779174805,0.05770501866936684,0,-4.852853775024414,9.674127578735352,-0.0748170018196106,1,0.7779636383056641,-0.341767281293869,-0.5272262096405029,0,0.5733739137649536,0.7293109893798828,0.3732921779155731,0,0.25693297386169434,-0.5927057862281799,0.7633382678031921,0,0,10.387492179870605,0,1,-0.34820184111595154,-0.9364629983901978,-0.042347755283117294,0,0.9364898800849915,-0.3495129942893982,0.02877388522028923,0,-0.04174675792455673,-0.029639117419719696,0.9986889958381653,0,0,18.38787841796875,0,1,0.8394160270690918,-0.25848400592803955,0.47808605432510376,0,0.3288210928440094,0.9419360160827637,-0.06806785613298416,0,-0.4327319264411926,0.21434199810028076,0.8756710290908813,0,0,23.787641525268555,0,1,0.6283042430877686,-0.7762588262557983,0.051531773060560226,0,0.6376291513442993,0.5517827868461609,0.5375549793243408,0,-0.4457162320613861,-0.304889976978302,0.8416528701782227,0,2.2794830799102783,1.6079219579696655,1.181812047958374,1,0.596339225769043,0.7969928979873657,-0.09581665694713593,0,-0.7994231581687927,0.5788078904151917,-0.16094881296157837,0,-0.07281564921140671,0.17257823050022125,0.9823009371757507,0,-0.38479599356651306,2.3928918838500977,0,1,0.9524639844894409,-0.30425190925598145,0.015617216937243938,0,0.30257806181907654,0.9387630224227905,-0.16483406722545624,0,0.035490214824676514,0.16172395646572113,0.9861980080604553,0,0.9621149897575378,3.4698081016540527,0,1,0.9997810125350952,-0.020925836637616158,-0.0008710502879694104,0,0.020757164806127548,0.9955490827560425,-0.09193313121795654,0,0.0027909495402127504,0.09189486503601074,0.9957649111747742,0,3.0093119144439697,6.692640781402588,0.02631399966776371,1,0.9978259801864624,0.06346502900123596,0.01777704246342182,0,-0.06378795206546783,0.8620821833610535,0.5027386546134949,0,0.016581043601036072,-0.5027793645858765,0.8642558455467224,0,0.0026920000091195107,3.946221113204956,0,1,0.9996160268783569,0.027465296909213066,0.0037697143852710724,0,-0.027498703449964523,0.965071976184845,0.2605382800102234,0,0.0035177140962332487,-0.26054173707962036,0.9654560685157776,0,0.005607000086456537,3.5805089473724365,0,1,0.9997649788856506,-0.02162719890475273,0.0011441938113421202,0,0.021640801802277565,0.9955300688743591,-0.09193392843008041,0,0.0008491938933730125,0.09193708002567291,0.9957640171051025,0,0.09402299672365189,7.099377155303955,-0.17900599539279938,1,0.9979360103607178,0.062018997967243195,0.016683386638760567,0,-0.06198601424694061,0.8621262311935425,0.5028876066207886,0,0.016805388033390045,-0.5028834939002991,0.8641906380653381,0,-0.0007810000097379088,4.015562057495117,0,1,0.9994670152664185,0.03236367553472519,0.0043368092738091946,0,-0.03237532451748848,0.9649078845977783,0.26058316230773926,0,0.004248809535056353,-0.26058486104011536,0.9654421210289001,0,-0.00005500000042957254,3.8316869735717773,0,1,0.9997450113296509,-0.02256566472351551,-0.00024776841746643186,0,0.022447334602475166,0.9955119490623474,-0.09193499386310577,0,0.002321231411769986,0.09190601855516434,0.995764970779419,0,-3.103334903717041,6.505760192871094,0.0067529999651014805,1,0.9979060292243958,0.0625886470079422,0.016286833211779594,0,-0.062280356884002686,0.8621481657028198,0.502814769744873,0,0.01742883212864399,-0.5027762651443481,0.8642408847808838,0,-0.0036100000143051147,3.5780460834503174,0,1,0.9993029832839966,0.03701089322566986,0.004804736468940973,0,-0.03698410838842392,0.9647589921951294,0.26052185893058777,0,0.005006736610084772,-0.2605181336402893,0.965455949306488,0,-0.003918000031262636,3.332789897918701,0,1,-0.9082850813865662,-0.08934488892555237,0.4086986780166626,0,0.3196169137954712,-0.7785360813140869,0.5401168465614319,0,0.2699302136898041,0.6212074756622314,0.7356894612312317,0,9.856062889099121,-4.301853179931641,0.0698850005865097,1,0.9755098819732666,-0.18797552585601807,0.11421474069356918,0,0.16705727577209473,0.29540953040122986,-0.940651535987854,0,0.14307935535907745,0.9366953372955322,0.3195776343345642,0,0,23.987747192382812,0,1,0.986971914768219,-0.15955376625061035,0.02070835418999195,0,0.007897989824414253,0.17660075426101685,0.9842511415481567,0,-0.16069810092449188,-0.9712647795677185,0.17556016147136688,0,0,18.07269859313965,0,1,0.9987090229988098,0.00011606077168835327,0.05078790709376335,0,-0.03311194106936455,0.7597368359565735,0.6493872404098511,0,-0.03851008787751198,-0.6502307653427124,0.7587600946426392,0,0,17.972864151000977,0,1,-0.9417750239372253,0.23781302571296692,-0.23770572245121002,0,-0.2883833646774292,-0.9347972273826599,0.20733745396137238,0,-0.17289914190769196,0.26381567120552063,0.9489502906799316,0,-9.856062889099121,-4.301853179931641,0.0322440005838871,1,0.9935209155082703,-0.09394238889217377,-0.06396512687206268,0,0.037848010659217834,0.8041746020317078,-0.593187153339386,0,0.10716447979211807,0.5869225263595581,0.8025193214416504,0,0,23.987655639648438,0,1,0.9704358577728271,0.24048741161823273,-0.020506074652075768,0,-0.06019994616508484,0.32344603538513184,0.9443299174308777,0,0.23373202979564667,-0.9151769876480103,0.3283608853816986,0,0,18.070560455322266,0,1,0.998760998249054,0.000031390289223054424,-0.049758218228816986,0,0.03242938965559006,0.758031964302063,0.6514100432395935,0,0.03773878514766693,-0.652216911315918,0.7570920586585999,0,0,17.957786560058594,0,1
